Logit_0,Logit_1,Logit_2,Logit_3,Logit_4
0.1694985359017679,0.09422879273634027,0.26993395236283413,0.23506039418614527,0.23127832481291244
0.4285580562079503,0.21364283519629443,0.18294529069211504,0.002993932423447569,0.17185988548019268
0.30538535649653203,0.2776024015561091,0.06806552457023397,0.04413048873950752,0.3048162286376174
0.21880659279228967,0.3624839774715861,0.18228068861421828,0.004985285683761567,0.23144345543814449
0.40218829243865606,0.22315384664072546,0.2462958208250881,0.0024314492247333613,0.12593059087079686
0.11618527125931367,0.35797147812165037,0.2736567820641695,0.0315937757136609,0.22059269284120553
0.26065067966289623,0.016048586773972088,0.041479818539536126,0.5788497937799422,0.1029711212436533
0.353125480417731,0.2930978641504182,0.11383048432919687,1.3119872698695258e-05,0.23993305122995534
0.27967840921878706,0.3976828139871086,0.12697728248522863,0.00019085652554048246,0.19547063778333534
0.27422393298312914,0.3098908778154179,0.12593699184271168,0.014415221509562271,0.27553297584917913
0.18239054730056123,0.303960217608073,0.07064077549213423,0.0680385882815647,0.3749698713176668
0.14730227694160053,0.43145602482150613,0.14901781874876224,0.0019439991162483795,0.2702798803718827
0.21147979933023497,0.445774201129874,0.19574464021794327,0.003966311313265445,0.14303504800868225
0.289814716046174,0.32678588750896925,0.09234436435677522,0.010884966694896312,0.2801700653931853
0.20498307623981885,0.17979177626586273,0.06721597448422681,0.07363203146557966,0.47437714154451194
0.18591648013183798,0.3716316997291039,0.1393518205105127,0.003366364681638149,0.2997336349469071
0.4318297308676375,0.2917733453167919,0.10740548174664612,0.004701958846628467,0.164289483222296
0.4645710144157826,0.21946896760142484,0.04590532390815328,0.0052056996843557616,0.26484899439028364
0.49568558818026254,0.010453572554940432,0.18888438062079616,0.19708338581778592,0.107893072826215
0.22799699062735032,0.06428699017088363,0.03799405356901586,0.4780226210316793,0.19169934460107096
0.2727009917752869,0.1662190123330482,0.2103159073505216,0.0002082869793756435,0.3505558015617675
0.2585626257217874,0.2615477296321764,0.11062374137097951,0.12130101479209848,0.2479648884829582
0.5297476187936796,0.19223493651578735,0.0831625786376155,0.00041899535458933383,0.19443587069832807
0.2329116070021386,0.32889512564123197,0.12113612091192705,0.02081299540944273,0.2962441510352597
0.6891873755810299,0.04562142515285691,0.07338737135917073,0.01061677438152866,0.1811870535254138
0.30444657894255606,0.3096601696568806,0.11104688127537707,0.040745711777021285,0.23410065834816493
0.196022550881888,0.3493004200079203,0.2322799479467215,0.002347080615142908,0.22005000054832738
0.4733388905202364,0.023679956668645405,0.1930132668753374,0.2288827259648823,0.08108515997089845
0.08256652226455177,0.2956516037594531,0.12981993465574448,0.26102997758421803,0.23093196173603273
0.2954720992336462,0.36064988394141867,0.06947203775697106,0.0006494480564470163,0.2737565310115171
0.41929752072683446,0.05270448434411763,0.05699044048179677,0.27489885938698916,0.19610869506026196
0.6054797837229191,0.021152278805256296,0.08192721851265095,0.24131897603562324,0.050121742923550344
0.3465783951636752,0.2514057756113377,0.10340905112126614,0.002441149119175811,0.29616562898454507
0.3334238899265901,0.003546617133250083,0.021910991331345914,0.57636155196743,0.06475694964138376
0.3975048570966761,0.1364003924465451,0.26545743857545395,0.017345351905227412,0.18329195997609746
0.22151403593299024,0.3773862745529568,0.0547123152771336,0.01588563216672205,0.3305017420701974
0.14257669345304194,0.137861486900708,0.11676620914943395,0.399494283229509,0.20330132726730699
0.15721258379943204,0.41964526666751745,0.23730419018890167,0.017102092412060902,0.16873586693208806
0.5894212318142699,0.06554268077844058,0.1786235376206774,0.0010038972379538711,0.16540865254865836
0.35171023828521647,0.19416672682549244,0.11155931523394391,0.008206559238113595,0.3343571604172336
0.20936264035649224,0.40907615242327644,0.2206710533199127,0.0010252377998608377,0.15986491610045772
0.3141590332164089,0.3161578708301109,0.0769382357775936,0.0019893562801846297,0.2907555038957022
0.2051639890895261,0.2315376986965576,0.3432616829977815,0.0016374939737619492,0.2183991352423728
0.2555497706631131,0.004121656156850611,0.1743262665658893,0.4233148584864475,0.14268744812769948
0.4352805468726871,0.2706399473517692,0.0757671121204006,0.00031639557672953107,0.21799599807841358
0.25325717502426887,0.2646805503122177,0.20159444142047525,8.94365240178545e-05,0.28037839671902026
0.5865086710389706,0.027082888084721903,0.10197872576183449,0.07230365707570786,0.21212605803876503
0.3938014434901856,0.28155321049075627,0.0622281636318329,2.1223690213293315e-05,0.26239595869701193
0.1844350130400409,0.38029059379642044,0.2327030965420212,0.004715339572771032,0.19785595704874653
0.3512506963896368,0.307614311148389,0.14381148611700673,0.04555516762209417,0.15176833872287324
0.1964721565952127,0.41861254216659305,0.12575387966201673,0.007176960874381805,0.25198446070179575
0.0702063250950197,0.10118861481741016,0.07511548500563123,0.659879965819504,0.09360960926243483
0.341331456314924,0.19190503256841263,0.18097651371814422,0.0024807695703851235,0.28330622782813397
0.13290109495071606,0.35694684284375494,0.08765060959264821,0.1320656633603735,0.2904357892525073
0.2748352094350453,0.3799099833381011,0.22863501264365632,0.012537298642368662,0.10408249594082859
0.09876132882661176,0.23729550451798792,0.07402020999189658,0.3959372992986103,0.19398565736489348
0.23108724237669073,0.43775455082972575,0.07592266184668298,4.9790631407831594e-05,0.25518575431549256
0.3187479911115132,0.30696737545228225,0.03127612046401861,0.00762397813141604,0.3353845348407699
0.2714124172118354,0.29891064582391824,0.15396988559503666,0.0009660526153647297,0.27474099875384494
0.05965117043179385,0.09840444364093598,0.11180206900455276,0.3342617915059742,0.39588052541674323
0.45053601126837606,0.18307339571130765,0.20045254464263312,0.00014478644282038422,0.16579326193486285
0.04506199140166605,0.14929323296571076,0.24316297010895901,0.1317690768498513,0.4307127286738128
0.2603312435663079,0.14495884071448756,0.2814508436281023,0.002354249342191713,0.3109048227489105
0.31465215398105095,0.26813339584416307,0.1081652623085467,0.003993953147980934,0.30505523471825835
0.3263485334012483,0.09230901539663426,0.03386694606563098,0.4586913182299483,0.08878418690653818
0.7314616044047345,0.012285670412979099,0.13228673555062442,0.020644987150643276,0.10332100248101876
0.1318401949883026,0.1899677056080968,0.15296595626724624,0.30223792620778556,0.22298821692856874
0.21431992102798814,0.3849605785650522,0.15302424986742488,0.0003138173295926574,0.24738143320994216
0.1949178423447836,0.3942632415648586,0.10160303593112305,0.001511145387738067,0.30770473477149674
0.03940411979184261,0.3362942590447865,0.17632520486400036,0.2964516204346025,0.15152479586476816
0.14323429712922775,0.023747047212833428,0.1989339893320397,0.4202346952135038,0.21384997111239526
0.43418292586886265,0.1547185820688019,0.20418954508724707,0.00046296539449037886,0.20644598158059813
0.0785704306081727,0.14018418597326815,0.0606291222829314,0.6556769569742014,0.06493930416142622
0.37816636315183977,0.29702930593282934,0.0715553302840312,0.0023492174484370325,0.25089978318286266
0.35092806728725556,0.22261916419193192,0.13651353084912515,0.04223613038154221,0.24770310729014516
0.3447002622094116,0.3433483387526228,0.1455007498370112,0.006751773944674819,0.15969887525627977
0.1418673040949148,0.0770929245982617,0.03875631087464716,0.5305240312633983,0.21175942916877796
0.24601235285384412,0.32287883102037634,0.06883236688651805,0.030376644540968598,0.33189980469829283
0.27860193420371887,0.22825534479124615,0.3779904454408473,0.0002232977685082258,0.1149289777956795
0.13936751716188883,0.3980213783167168,0.1838150660732036,0.08535752463500862,0.1934385138131821
0.07939268579835658,0.2853930609970571,0.06167667163648325,0.2513353556741452,0.32220222589395786
0.41128174976823656,0.2571502107720784,0.10700849254879116,0.00020131375138272668,0.2243582331595111
0.47543024921970145,0.18064545060430431,0.1451338041842019,3.277094918725264e-05,0.198757725042605
0.27206227969777047,0.376674971999938,0.041489735735131913,0.01443837130980086,0.2953346412573587
0.0502145058422771,0.050048719309689106,0.07960452384377267,0.4163552010490722,0.4037770499551888
0.123188440670257,0.4633275806417349,0.16022042835579214,0.0025710716937018515,0.2506924786385141
0.1814649969884039,0.22724966993309395,0.08266442550922404,0.00020921621329354038,0.5084116913559844
0.2782765217573138,0.2767729318896446,0.03521371965637298,0.00825488443159948,0.40148194226506917
0.23460246614710875,0.35441651900993215,0.17583838780543512,0.0015588168987770285,0.23358381013874707
0.5157845863926916,0.2310581942281731,0.07203878272757402,0.0004291585612417227,0.18068927809031948
0.13277042862409363,0.30542927920341545,0.10699665962823807,0.18573047050656344,0.2690731620376894
0.1787370355565582,0.3255526782860001,0.2949454370811929,0.002346153072056192,0.1984186960041926
0.2898132620143413,0.2791799931740436,0.3109566714650584,0.0025785414080065844,0.11747153193855016
0.3343491198671211,0.32981352394303626,0.0884602004814115,0.0004167228151255904,0.24696043289330546
0.301681651374638,0.27408291698196136,0.1299625463671271,0.023053306711819686,0.27121957856445394
0.24270875444159504,0.3323706722725129,0.22697068985139807,0.0032578043022883827,0.19469207913220563
0.3103475653548191,0.08210956572367588,0.20493204274242227,0.00018836424653767932,0.40242246193254505
0.26502307334747743,0.368708893202368,0.1453864843133961,0.003945620041719407,0.21693592909503903
0.1908364018694687,0.3734872653307456,0.2439993054736827,0.00110471692936006,0.1905723103967428
0.25733278229816653,0.15057764194956422,0.08542747946584948,0.26186064969613626,0.24480144659028355
0.2499236878225201,0.373838701707155,0.12037900126659318,0.013973605512601052,0.2418850036911307
0.11420433279661739,0.3810180071861172,0.2615588417820195,0.05066090049693811,0.1925579177383077
0.09846848078691564,0.3838875276498541,0.1738726212594739,0.027811228469737565,0.3159601418340187
0.1657816908166628,0.3517853671110467,0.16536743431436499,0.043942544981103115,0.2731229627768224
0.48256027481155706,0.13023123007240614,0.2586999012463089,0.010069452850257449,0.11843914101947044
0.1749038769541908,0.012497356340531436,0.07172937127958472,0.3639277786537936,0.37694161677189947
0.2688391673883141,0.2547570111284116,0.10057911219975496,0.17837927333124848,0.19744543595227082
0.12031444588668318,0.07949158925826703,0.47624045189371034,0.0003980031595381503,0.3235555098018012
0.3945220664123141,0.02102384880689477,0.37793389064104393,0.0002694199048822887,0.2062507742348649
0.11101477972491418,0.32541797340269646,0.04635677793314919,0.20119293389208306,0.3160175350471571
0.42674456072701933,0.005441448221405865,0.3151180387831699,1.919223452792852e-06,0.2526940330449521
0.1752168751337975,0.08040788780575771,0.08286123733859956,0.5072774059847044,0.15423659373714088
0.1485919310032048,0.39095793471600054,0.118820343780074,0.03191015193386974,0.309719638566851
0.493483852431622,0.16384842830940932,0.19412550331236356,0.0005752041826592917,0.1479670117639458
0.3373332040343392,0.08155323471195211,0.44281733404102847,0.0002235729104583924,0.13807265430222182
0.22668294146750947,0.4028123098891723,0.22158253628375263,0.0030311406814786395,0.14589107167808682
0.10988005048845863,0.2228831472800097,0.10518769005471477,0.35443564672411315,0.20761346545270382
0.04453040503636594,0.4262540092702579,0.14870785965612157,0.1385767453962458,0.2419309806410089
0.10202511895215693,0.20364006539278326,0.177957774943568,0.0003183353990256125,0.5160587053124662
0.11353801480063971,0.40154888508496944,0.1705063147767683,0.07886136097464216,0.23554542436298034
0.1396159496032061,0.013695213989140302,0.03860185454239993,0.7435286448678806,0.06455833699737298
0.35722738779683055,0.2292192546955359,0.14156457748435683,0.02126621322712967,0.2507225667961471
0.12064452705330916,0.3921522434091029,0.13141309333438947,0.08295383351529503,0.27283630268790343
0.14872604436443806,0.35067326603726107,0.15108419870445897,0.051246557664208506,0.2982699332296334
0.21181954951030288,0.32703612441422586,0.14072170116277283,0.00411334372347268,0.31630928118922574
0.18370563069725712,0.3526357631333262,0.17049038100179414,0.005869721626160529,0.28729850354146197
0.3064800096298322,0.07434602456481686,0.13490752301531997,0.00015056857565141639,0.4841158742143794
0.31227010295808627,0.35878383233566963,0.08378947484253198,0.001880105849889762,0.24327648401382237
0.26977404290429613,0.014164397408063228,0.04954149928646247,0.6184485979624385,0.04807146243873956
0.29635814230383883,0.20586047507286484,0.25355550761751416,0.0005987579057082138,0.2436271171000739
0.31279403595426886,0.3008389205907407,0.15833620449965463,0.002967324743963087,0.22506351421137277
0.18034729168885527,0.38275372561001747,0.18822075276610412,0.00027156290696734995,0.2484066670280558
0.2154616864971329,0.11259816656829806,0.13307037858073179,0.007238087691067094,0.53163168066277
0.4965489449295767,0.13214875368867007,0.12018369681987291,0.00017482812308588163,0.25094377643879445
0.19593341001060102,0.15383631360555142,0.1203125547065382,0.3046374187633474,0.225280302913962
0.21690190904428305,0.42133793349366494,0.16450000533621345,0.007853606048913197,0.1894065460769254
0.11719875337392326,0.021223454779499197,0.05458024403505428,0.7174751449084865,0.08952240290303674
0.1503184039622238,0.11664324306195868,0.18301534104324232,0.31286375294455493,0.2371592589880201
0.295112021401614,0.4184268071543766,0.02325532586381015,0.008238420353689293,0.25496742522650984
0.04289497111402837,0.006612113290193096,0.1024748805498563,0.6754493966190335,0.17256863842688863
0.1333957338927254,0.09335686185772783,0.09224761354513576,0.5207408145403398,0.1602589761640712
0.21416913918892197,0.24219277194393113,0.31690399770435895,2.8467770721207467e-05,0.22670562339206674
0.06784663950056966,0.4205547036460985,0.17125993005386256,0.07924656685749627,0.2610921599419731
0.24337800980907537,0.2599554352461249,0.16219638315095602,0.0022223398705407847,0.33224783192330287
0.31403601118109165,0.33720360390134557,0.11037739778994465,0.0018181644257994655,0.23656482270181872
0.3219024089997533,0.06523086427612385,0.4338546972074763,0.04667648842451322,0.13233554109213333
0.08953933834914067,0.27048657781246394,0.2789087655174043,0.0162876112615045,0.34477770705948674
0.23967176076174976,0.27821823639708426,0.340166570198331,0.0002199910293539946,0.14172344161348094
0.436086617221642,0.07055659687543989,0.10121413416261463,0.09094254640912348,0.30120010533118
0.12618364991063177,0.286113987110226,0.11021246721267268,0.2330938482499638,0.24439604751650584
0.12971855090597725,0.2859564072673936,0.06911708898561775,0.02143762007243339,0.49377033276857807
0.09028098353251315,0.018538678203227115,0.20023672372706613,0.46041210626094214,0.23053150827625155
0.11978013273544033,0.38449854053164234,0.058541604688786934,0.13540815604213902,0.30177156600199145
0.08832468627906814,0.12896530256050356,0.11297041999486979,0.5606445936287483,0.1090949975368102
0.17537739622593806,0.42015540202733176,0.17881322352453113,0.0007836499154846001,0.2248703283067145
0.6019037591839045,0.11170305422805081,0.11045383233569099,0.0014103235775292085,0.17452903067482436
0.04791344623048385,0.21108466106207902,0.06841562500530968,0.5080475620400529,0.16453870566207468
0.286858670504236,0.35394555372656616,0.10642222825150952,0.004492014237636899,0.24828153328005148
0.40266656326478595,0.2126623629949794,0.2520693384331554,0.00198698207509949,0.13061475323197988
0.24694706616897003,0.3177241664123328,0.19811395084867706,0.041876893342960825,0.1953379232270594
0.38681339462763825,0.19072431575097668,0.15609823376105678,0.051050279610598964,0.21531377624972922
0.1672430353064137,0.32510689456165354,0.16195021634344092,0.07373042706756311,0.2719694267209288
0.6098146327467527,0.03576091591064749,0.2038688009607612,0.012709723747764412,0.13784592663407416
0.39572494215577,0.23273284914670866,0.12037539417787393,0.02401807396569245,0.22714874055395487
0.1701954396630205,0.33321933166521706,0.058925934623713476,0.1245169495168763,0.3131423445311726
0.3729061202966117,0.17891348897300735,0.15735773865835007,0.000520627643479537,0.29030202442855146
0.3082194125516498,0.32079542221167445,0.08521950346596577,0.000729376445391136,0.28503628532531866
0.054175519999262914,0.25090644595249934,0.13079715635233022,0.39427173765560763,0.1698491400402999
0.7845969100224477,0.0033125393401518886,0.03907203185862743,0.0003555946394166505,0.17266292413935627
0.3204299767136391,0.16339694308098154,0.08719350984455186,0.009042220300526298,0.41993735006030114
0.08481728151099109,0.021307236500221614,0.19580389570734352,0.5468144709464937,0.15125711533495015
0.23413341969857052,0.39926354744444115,0.0739442942851828,0.018970896464276847,0.2736878421075287
0.14634866544442215,0.42034437853279394,0.1589161016043894,0.0005552740915697429,0.2738355803268247
0.1462871161353593,0.09530077307463397,0.07608109745982668,0.6072262869080527,0.07510472642212748
0.08256450351613959,0.3787924456665042,0.1375717225588086,0.1289204578470541,0.27215087041149344
0.3257092476615697,0.3593161580442671,0.07265079387776269,0.00011930663457083838,0.24220449378182968
0.00817741665817656,0.23720753916172935,0.3643045064517282,0.02138501531028302,0.3689255224180829
0.47175693947591296,0.13958566290389587,0.15993251086272675,2.9993094450047927e-05,0.2286948936630145
0.09764048697921061,0.4209186700097395,0.22711651736793567,0.047568289656769576,0.20675603598634473
0.11038737677931162,0.20879577081145995,0.0831922294734647,0.29607199007119667,0.301552632864567
0.13503334254506608,0.06675666689082821,0.06222363809694567,0.5887084570109758,0.14727789545618422
0.15606689709524635,0.263162992284451,0.2698533467898328,0.0037490508588591833,0.30716771297161055
0.23492949064333216,0.12225930765535138,0.1384765590169133,3.9382999379317776e-05,0.5042952596850238
0.1941643156330744,0.301469762518316,0.08226130856738478,0.09022871409537482,0.3318758991858501
0.117178979053915,0.43024584003253435,0.27144468339535366,0.00398973369706212,0.17714076382113478
0.07157787551481684,0.031846533886908744,0.03073191912295184,0.7330743659373934,0.13276930553792937
0.32074574698823904,0.24911135382148306,0.15068261551755907,0.011216169669559333,0.2682441140031595
0.3919366921320987,0.17900177845537027,0.24156385413485837,0.00039419948626581226,0.18710347579140682
0.06967120773224653,0.04649774801852037,0.13602618807002145,0.014763730942142379,0.7330411252370693
0.3063876196929505,0.38874815882496794,0.11505672237079578,2.466817137530182e-05,0.1897828309399106
0.10955255538124443,0.38029280415336797,0.114405784084548,0.06737617859092049,0.3283726777899191
0.16167748808278024,0.24561801922788692,0.13452850507812106,0.18866697148722925,0.26950901612398254
0.18846705100063815,0.04251884014287841,0.16048684280511183,0.000393062133995405,0.6081342039173762
0.14191797037282802,0.29073633190494036,0.10263562063949552,0.22652991918354626,0.23818015789918984
0.43936535837312457,0.22223936623327797,0.18024700343975658,0.0023669249534435033,0.15578134700039736
0.3652982669786017,0.2260053776303321,0.17798443572611702,0.023977659532347585,0.2067342601326017
0.38996461341886296,0.05493834577077997,0.13502315464177336,0.04691894042477432,0.3731549457438095
0.4103169755646544,0.15983880839697795,0.10547939061452324,0.03199469634958483,0.2923701290742595
0.3184696636615668,0.05393988639564436,0.08747209844939545,0.23328704472219866,0.3068313067711946
0.48969145333630715,0.21816425924802738,0.1109101668828564,0.00021278475894269484,0.18102133577386642
0.06130675004163183,0.15011276774560606,0.07201437082685776,0.5330212116118697,0.1835448997740346
0.19341358746385193,0.3252613390674689,0.24942456679066335,0.06801027979615357,0.16389022688186217
0.10780767648545656,0.10497566092926168,0.24948954207677768,0.000682921038290632,0.5370441994702135
0.3988129640467699,0.22419329298150073,0.10552558441972287,0.049824165203746745,0.2216439933482597
0.1638572336227928,0.139251218024873,0.31696105086971893,0.2573920766201518,0.12253842086246353
0.19289995780851665,0.08067872591254723,0.07510521489307821,0.46503385960504695,0.1862822417808109
0.14908133098860404,0.38356948044126565,0.19110824700303938,0.02170045321829886,0.2545404883487922
0.07712211205182734,0.4645649653307352,0.1585831580382755,0.0789296748323163,0.2208000897468456
0.44757612972216254,0.1267204451827155,0.14250623128289433,0.08762299142531857,0.19557420238690892
0.5362498240242031,0.00951169323626499,0.10988137146229299,0.25056752210614947,0.09378958917108944
0.15486172713765334,0.3316430858924476,0.09808319195726624,0.15872545894874868,0.25668653606388414
0.34667163339417245,0.004137731468575777,0.34247980400683986,2.5170092541753528e-05,0.3066856610378701
0.20199347584037072,0.12903194384575478,0.05817826238038583,0.4251898074987076,0.18560651043478107
0.3642989610935621,0.219991022869761,0.16966654293525107,0.014716717734887015,0.23132675536653885
0.07532848833982776,0.3482669866998322,0.2121250988706899,0.2032076109636298,0.1610718151260204
0.4013506967057373,0.04146566355870257,0.08425337060411882,0.009814577811677805,0.46311569131976354
0.21560292436404466,0.39348858947176407,0.15165368273712856,0.008526843173967505,0.23072796025309517
0.20428768983217552,0.17165508711365715,0.20857894055352139,0.011001036429449626,0.4044772460711964
0.14891211905490828,0.3365350565230919,0.2765907868282889,0.025257738289424892,0.21270429930428597
0.49287690222261776,0.13587356184820593,0.18294491594182435,0.0002463871979638663,0.18805823278938807
0.2669217353131231,0.33375240928542127,0.21092506779472767,0.001781716854896212,0.18661907075183168
0.15941734991827664,0.09193802216247308,0.1692748086454966,0.3631426620554947,0.21622715721825905
0.06043129010521746,0.16184561605131903,0.08922167071263243,0.6005206009425009,0.08798082218833018
0.16254361206694382,0.2667351276597556,0.1098668463729572,0.12333938690855617,0.3375150269917871
0.6124252605419921,0.03315649349350836,0.13824983315422185,0.007926106483902141,0.20824230632637536
0.6263786861849444,0.08315065049191468,0.10814269922351319,0.0002294763501779051,0.18209848774944973
0.10013964118162502,0.3306700871224726,0.08513940003329362,0.2456161963222859,0.2384346753403229
0.06749486972973241,0.03602728895013607,0.07286480655562623,0.740982570070429,0.08263046469407624
0.13920663724574195,0.3971540888991715,0.3206209042392211,0.0040702833975941105,0.13894808621827115
0.05311800143049956,0.20288797354357546,0.09410735009633212,0.4922114655715935,0.15767520935799945
0.1984464215255687,0.34359895566149745,0.0796148867970917,0.0037002065788224983,0.3746395294370197
0.30135182720962445,0.39871271384614293,0.05473826973248388,0.00021192887363984645,0.24498526033810886
0.15219305975350814,0.5133040618525555,0.12515919305591244,0.0010203179463743983,0.2083233673916494
0.6008880168221324,0.04158125138760443,0.18859355343006337,0.10279557429512298,0.06614160406507677
0.3631016457325018,0.1536405211070731,0.32916648378804175,5.1355051673402196e-05,0.15403999432070992
0.11398063259623148,0.04795290699071326,0.05059689640846416,0.6237071480765045,0.1637624159280867
0.07673006403813433,0.15487118797805982,0.06488154369966072,0.6154764853869048,0.08804071889724048
0.24644857524512115,0.2909645330369082,0.23608181236305925,0.005937451074160121,0.2205676282807513
0.17593157085348868,0.10104207808134537,0.03596727621117548,0.5857746560717991,0.10128441878219144
0.22237703015185484,0.17937805704083862,0.12708768568147263,0.2591264996876628,0.21203072743817108
0.3354400132199076,0.29043239493396805,0.2066981951960498,7.005720763819469e-06,0.16742239092931077
0.16290272817174137,0.40573334954865525,0.07017353338679636,0.06822676712678433,0.2929636217660227
0.0631797634291454,0.3002517197441258,0.19025414334423776,0.2686764486107854,0.17763792487170574
0.07921484718148593,0.4103268830428214,0.27828970495881,0.09120841845883582,0.1409601463580468
0.3470604046979213,0.32362828713716113,0.07477845795993483,0.026349114482057,0.22818373572292563
0.22736660538087133,0.2889749408197865,0.17196360625401294,0.06783788912765287,0.2438569584176763
0.34927538144362497,0.20973947588709665,0.0665727362086352,0.04469492819595275,0.32971747826469044
0.4309912486456638,0.24809100270677226,0.10080475849940002,0.01091585410562404,0.20919713604253992
0.3713256551405843,0.36333808373580856,0.09110440926443263,0.000596025272163662,0.173635826587011
0.27833507786181644,0.3477628761681525,0.11899724662628702,0.0017206614938096068,0.2531841378499345
0.20941549962936287,0.3151137017368918,0.05606323350309769,0.09017518258669953,0.32923238254394815
0.17077389990511146,0.15614560548817602,0.06951199042190204,4.4019697449974286e-05,0.6035244844873604
0.2459811422602791,0.3336769240391093,0.1374423929977138,0.01227430863699388,0.27062523206590383
0.15495287604565508,0.018195890236614106,0.0775089285595233,0.6560608122591075,0.09328149289909991
0.21004479421014707,0.3967780831759428,0.15700000831104105,0.009713432366282596,0.2264636819365865
0.09663900353799589,0.19378977583439802,0.19771797920642784,0.01473098061426074,0.49712226080691746
0.22566496121192392,0.2849978708369744,0.1203594405571905,0.043732469561252776,0.3252452578326584
0.3072695648025193,0.16790604539394646,0.23923861035483363,0.027175737756088652,0.25841004169261195
0.37137151402891944,0.34057780457788145,0.059802040814975276,0.00019452369074911087,0.2280541168874747
0.12294875847676602,0.01760220496864886,0.025976578085044694,0.7279334933468581,0.10553896512268233
0.4197340339288199,0.271379796375782,0.08560819232139397,0.00013048742659067892,0.2231474899474133
0.48194114329727833,0.009267862717014757,0.2106445211644227,0.05148850235678265,0.24665797046450155
0.24956774972247708,0.2740982889520063,0.38209206599798984,0.001352555694273675,0.09288933963325313
0.19962540496253095,0.02610044082176122,0.11768025465341107,0.5157567263680287,0.14083717319426806
0.2483932553546201,0.31430667553491537,0.12379665220315908,0.004019619181336815,0.30948379772596857
0.10447713346109949,0.34305396800466476,0.10066142276571781,0.2667381445735474,0.18506933119497054
0.279979450435694,0.20560728667857717,0.17302274293991451,0.0382249782942019,0.3031655416516125
0.1853550076464675,0.08127946871361716,0.05469400147950015,0.4754278460967069,0.20324367606370827
0.0627298467426031,0.4179018502042209,0.16284139659353486,0.17918874242457938,0.17733816403506156
0.45134033657841854,0.16470088692859974,0.08562463389873516,0.03403641452623625,0.2642977280680102
0.12863007282026293,0.2958541069507926,0.03866028201661702,0.17345945317908967,0.3633960850332377
0.13694840518251022,0.4472111476940782,0.07532969964127696,0.005512385265629881,0.3349983622165046
0.31065078090310133,0.3596074858180428,0.1104710522283464,0.015900422552644004,0.2033702584978655
0.29019404072159327,0.35663078046607316,0.1122436932124745,0.010610433532000968,0.23032105206785816
0.46037530262447474,0.2079819106538894,0.22672842469627646,0.007716812901805862,0.09719754912355344
0.12353025239080886,0.17026202724453,0.13592071376751394,0.4647026376191009,0.10558436897804635
0.23904631739991497,0.2950955766348396,0.16180010566390968,0.09869969317771164,0.20535830712362418
0.2437720320341664,0.2738464955572268,0.21283861230605325,0.0049234261743816106,0.2646194339281719
0.16231632250213832,0.32734349397774976,0.2784255091679821,0.005387203775849628,0.22652747057628034
0.09091109951242396,0.35463657556333905,0.18878272803858204,0.1326181227482549,0.23305147413740007
0.11275253561680611,0.10515790910744541,0.10467086852035173,0.6162219080258191,0.06119677872957759
0.10946844169591907,0.3891992814943315,0.11374665183691442,0.09590661758001183,0.2916790073928232
0.28735507937648,0.1258478768553286,0.2669753170552138,0.0891073645047005,0.23071436220827696
0.17229952789455052,0.35018468565171923,0.12182977300276462,0.082215606327743,0.27347040712322274
0.051047844941591855,0.2278356775301417,0.10010992511105665,0.44007133100904755,0.18093522140816234
0.37998083598843874,2.3517558321105047e-07,4.2534448496099715e-06,1.65550290680117e-18,0.6200146753911285
0.2957852013514778,0.30439423680536043,0.08568227642315779,0.04089414803352057,0.2732441373864834
0.2967065983099932,0.3450526001297034,0.12640134522370472,0.008921696650249852,0.22291775968634894
0.15461124701647436,0.02430451658427702,0.08524417802089626,0.6187100340412462,0.11713002433710613
0.15429114357863136,0.21445135564778908,0.03659481649126249,0.41795087614339765,0.17671180813891943
0.16002289764729358,0.44415215261998275,0.24937646722752474,0.0007207949473382942,0.14572768755786064
0.17614462392207222,0.3936415392570631,0.08045398444716419,0.009074736499561026,0.3406851158741394
0.26622633573492793,0.007215769642289312,0.566970984470907,0.04415493163992388,0.11543197851195201
0.1164712829292409,0.029223332629089306,0.08525977541340937,0.6535513803864325,0.11549422864182808
0.1869449343968035,0.09934522576553352,0.09435094049556332,0.4102730315147682,0.2090858678273315
0.1964572263177207,0.4301716859850518,0.13168748735792984,0.004713170822448986,0.23697042951684866
0.11974723992241822,0.41253099122738845,0.06933965916252062,0.1413416395472465,0.2570404701404262
0.7140911771825201,0.0026642626922965913,0.014579794920688251,3.265576585411896e-07,0.26866443864683637
0.4516945397835251,0.06982165721126861,0.23824198051817821,0.1204003974929804,0.11984142499404768
0.25820277363084754,0.3918175753039164,0.1097458056745586,0.0009436000792591158,0.23929024531141838
0.09494476852539586,0.34173941718091594,0.23322461257533708,0.13303788616903128,0.1970533155493197
0.36489018384667365,0.06800092339380534,0.20160319552987221,0.21550873598694714,0.14999696124270162
0.09688751058786586,0.02442842064076073,0.044986916631265375,0.7062682693400119,0.127428882800096
0.06132885826396248,0.18786504535392415,0.10993755559501267,0.4838391445827363,0.1570293962043645
0.16376485913271754,0.40041703307479065,0.15149500432289845,0.023380791707433006,0.2609423117621604
0.3556576671360571,0.1438776115821798,0.2709559414501738,0.014649251468046975,0.21485952836354222
0.5751460863883444,0.06281056587018956,0.18058625075653625,0.013221851103001215,0.16823524588192856
0.26737654592478777,0.32464675078491595,0.17163151807877747,0.020766786415725956,0.21557839879579296
0.1309759626458314,0.360110418070586,0.2781655709278061,0.00951579473427022,0.22123225362150636
0.14328333385637534,0.023976979412682047,0.04513720860865581,0.6314101969925421,0.1561922811297448
0.12748699619795165,0.021778415948586018,0.051142021592593775,0.6637394152965502,0.13585315096431844
0.44928848656392456,0.21858220097183217,0.035171998027527636,0.00013453429745430417,0.29682278013926117
0.40020904492183257,0.3265467461282407,0.07951076505523609,0.0010061552474580273,0.19272728864723257
0.23687858478828314,0.18829450055922362,0.21185950850177274,0.02766593634329752,0.33530146980742304
0.47051365202274364,0.22125548248618881,0.14932906477848282,0.00020526881274210844,0.1586965318998427
0.5876653457857504,0.01873879493125098,0.1104766993210825,0.1195220787427749,0.16359708121914118
0.46597622472371714,0.17522330820027673,0.10513007541870797,0.0015376026671044438,0.2521327889901937
0.08189422644606406,0.32862576939370797,0.13538465071383146,0.17546606058640177,0.27862929285999477
0.060396070469851175,0.24173046280954544,0.2608747534579386,0.18971694665910876,0.24728176660355597
0.11532586900648073,0.1253531950344546,0.09550493242292912,0.5773550347243611,0.0864609688117744
0.1390411182019146,0.10667323591362968,0.5860857656503925,0.008393546768801581,0.15980633346526174
0.26058507722997676,0.15950535723844705,0.2661187440359568,0.0412861379628328,0.27250468353278645
0.4692899643885067,0.16674821415675375,0.22731336594266333,0.004381743098775264,0.13226671241330104
0.3041572195375321,0.013628403298767926,0.5810924294745753,0.00012748066917357882,0.10099446701995111
0.15599958981773754,0.37905472595893064,0.22755065198529778,0.002424511060714006,0.23497052117732006
0.27017928220668813,0.3421904925433045,0.06142404873345566,0.0031933424244675905,0.3230128340920842
0.31138514174915843,0.011721959053941576,0.06048061702138561,0.5525802730114695,0.06383200916404484
0.3841388672909458,0.25923376737949044,0.14718438477972648,0.015292334162333523,0.19415064638750376
0.308086030868237,0.30157696817450436,0.15273750736779465,0.0016004900333322972,0.23599900355613165
0.31709214881614745,0.297259731980727,0.08302417935058548,0.015447235886767623,0.2871767039657724
0.21975505417530802,0.36076178365452616,0.15404531133537122,0.005715586360756588,0.25972226447403807
0.08915037796973316,0.08026456133810597,0.07777101481594324,0.41116875516085416,0.3416452907153634
0.19849424300386814,0.29724286210936013,0.125382449815865,0.14376842566902265,0.23511201940188398
0.22317035680056102,0.39982234120684157,0.14806308579794922,0.0040887724380982045,0.22485544375655003
0.12134032611550341,0.2719062855669389,0.27933144951791405,0.001040997622996004,0.3263809411766477
0.44934917260458007,0.06354705475407804,0.11891913042808275,1.059648855453686e-06,0.36818358256440364
0.23172205506861396,0.36342989590031344,0.2553016226240767,0.0003454615779441634,0.14920096482905174
0.27766083716566736,0.30870247918789634,0.21590035315123293,0.00031789237832657375,0.1974184381168766
0.2915379348278194,0.32877994721265436,0.09140890560111128,0.0018033003310490888,0.2864699120273659
0.08197862723307857,0.4409778147378886,0.20482428594650362,0.004652299159357145,0.267566972923172
0.06970820690434609,0.1984385034610454,0.08141376677263143,0.4730020063278387,0.17743751653413842
0.5864479448815774,0.05896182291402951,0.16042782465154484,0.00098627550806206,0.1931761320447862
0.5009329483846304,0.2158939060485992,0.050470211386229195,0.040166912367746846,0.19253602181279442
0.5391998390346484,0.13821832120591016,0.1412311613186648,0.010610033353492079,0.17074064508728462
0.12766274747232081,0.1546589423633469,0.17767224551353775,0.4410922891720077,0.09891377547878674
0.23542599011048737,0.336888097269642,0.07875210615799275,0.013695411719124225,0.33523839474275385
0.4126795305581482,0.1441332405877153,0.20509151021000674,0.018671588381491716,0.21942413026263816
0.08996640936750591,0.1710964312472298,0.34693165345603144,0.011419542899386754,0.38058596302984593
0.10454428849515217,0.14231617606042463,0.06514572847930143,0.5835247463005369,0.10446906066458497
0.21846192982483076,0.35419508082705076,0.12683001036803146,0.045146201466367865,0.2553667775137193
0.21931769963732745,0.36164404836523517,0.18708432648932335,0.007711367995281722,0.22424255751283226
0.11674663847540938,0.07886994496047267,0.048754107718474785,0.6795564350024066,0.07607287384323665
0.35157188206872353,0.02487027409814497,0.5156368553254186,2.4334393209292388e-05,0.10789665411450369
0.19921813736462235,0.2959891324904941,0.21905938813611275,0.04936264039974286,0.23637070160902798
0.15234100210952578,0.3323812559152569,0.09869136623038414,0.18095725665858567,0.23562911908624748
0.26085412690166604,0.2838671026131428,0.17583565221727904,0.004433368778932956,0.2750097494889791
0.1387780751576229,0.4734990687266492,0.12423460015771283,0.008005777380710663,0.2554824785773043
0.20447298608392367,0.3633098267526252,0.21416824929804687,0.00028747702946006965,0.21776146083594441
0.6265451065489455,0.019160205226943464,0.22349662855542088,0.04033366584762101,0.09046439382106918
0.1583519623277822,0.25981464165442236,0.0619413136731063,0.173446900802867,0.346445181541822
0.20220662576796106,0.24717630604553523,0.18400274095367067,0.10065737156236665,0.2659569556704664
0.2577583939078662,0.1708063574114262,0.05255289402109422,0.0075254906006088865,0.5113568640590044
0.2049917377884492,0.023371904798614285,0.5718117288694194,0.005031390266800137,0.19479323827671685
0.24902658451630072,0.24383937147487714,0.3665557950739092,9.83748522339007e-05,0.14047987408267917
0.09729202259127946,0.36587114698234674,0.25445722031592655,0.01134150794915827,0.27103810216128904
0.20214138170957818,0.2995969657335534,0.19705906716117244,0.09832948739856454,0.20287309799713146
0.21677097163761944,0.2741374946600132,0.07462553917883602,0.1343631249148021,0.3001028696087293
0.2962673185195539,0.37474962703627035,0.07116031963771909,0.0024774623103896005,0.25534527249606703
0.25545963110613085,0.3590560501242515,0.07618857812246005,0.012362135884121885,0.2969336047630356
0.6620416795520286,0.026740721501612667,0.09471151607514292,1.561529838334604e-05,0.21649046757283236
0.36637494964728773,0.31509569826378886,0.047141886029966336,0.031827294793064696,0.23956017126589238
0.3755097856184231,0.31179383459317905,0.11001807683828063,0.0008616413188837409,0.2018166616312334
0.18584873198712723,0.01464606590167525,0.054561080804162526,0.6458830098558762,0.09906111145115894
0.3197662203179367,0.3448443509465055,0.07656396404846956,0.0004447023799515638,0.25838076230713675
0.14719322668348772,0.38235429419041633,0.3259368677068092,0.001221999929174532,0.1432936114901122
0.18107610393070206,0.4209269537689928,0.1102778088027689,0.007004034205435489,0.28071509929210076
0.3717212889250749,0.15029986075105767,0.10188380551484051,0.18635473432348407,0.18974031048554296
0.22745222322502157,0.0070979701740031915,0.03433619292861244,0.6805246586642829,0.05058895500807993
0.5969817638186927,0.12731420771707214,0.0891270030537004,0.00010901827389265311,0.1864680071366422
0.08795934066759167,0.1352972562267518,0.3153448413281362,0.004075274695337189,0.45732328708218317
0.26391076894909854,0.3742884077952664,0.09004473667386294,0.0019233672932788012,0.2698327192884934
0.198778479469851,0.40334267883394276,0.1645939213948963,0.010769273716696639,0.22251564658461315
0.1404321663507385,0.3451840623854336,0.17777392572723955,0.04209534714329835,0.2945144983932899
0.3497680685772073,0.13793402096043525,0.08788990564898119,0.2089341307062788,0.21547387410709737
0.16925667811817163,0.3578136910564307,0.2679216648189468,0.0010221713384519675,0.20398579466799896
0.33525415504254835,0.057412832608926004,0.11228035360722596,0.007714038702124139,0.48733862003917555
0.7551883705734733,0.0027268863595411373,0.043364562166148334,4.407914361390826e-05,0.1986761017572234
0.27834729098691974,0.22675377727939966,0.15461896977621328,0.21890375339532703,0.12137620856214018
0.42617981011966194,0.2181939881497443,0.09404789686032777,0.0031205451112858514,0.2584577597589801
0.3420380007768543,0.2583414078098096,0.1671081381730738,0.0045514759678271875,0.22796097727243506
0.2407898316296441,0.4225028806797226,0.06021871500530869,0.024307861130837466,0.25218071155448724
0.4210822805077391,0.1303267753490331,0.15745080321698615,0.0007808344660121179,0.29035930646022934
0.23924370359114058,0.016942767022685105,0.11273869834326386,0.5666482073142155,0.06442662372869501
0.1453379094041714,0.2829381035864162,0.36439309498991956,0.029579350058018223,0.1777515419614746
0.4529697088523036,0.25914654945020543,0.1171842250562552,0.0006601030690005639,0.17003941357223532
0.2594529455393801,0.2185225682741652,0.08312338751608732,0.0883669898363326,0.3505341088340347
0.3457077789920924,0.04557829406720735,0.037206408538877134,0.25028986367178513,0.321217654730038
0.1063223531573511,0.4197067463128707,0.13736582000779213,0.03432884193457508,0.30227623858741093
0.12802860341650465,0.09086481019599195,0.10803617644481964,0.4570901715133179,0.21598023842936587
0.12406195827305162,0.36215798276440586,0.21839509563461748,0.04773809944279972,0.24764686388512525
0.2008619991950093,0.0015136322253035677,0.026441725758565418,0.7178470493361788,0.053335593484942934
0.16300559327962305,0.0869238403728823,0.10629202953584238,0.5405718513918633,0.103206685419789
