Logit_0,Logit_1,Logit_2,Logit_3,Logit_4
0.15488362536735434,0.0888098791978323,0.2532892479405735,0.24478439791599865,0.2582328495782412
0.3871569288167375,0.20468607506111025,0.18620129293011276,0.00221043982390875,0.21974526336813066
0.28898017995879066,0.2735821851920315,0.07758131510034491,0.05445598263572765,0.30540033711310527
0.22532519496127132,0.3481377112659233,0.18390075345986262,0.0044228065770766534,0.2382135337358662
0.379306534522939,0.2722883482079825,0.20394959522602316,0.002110912245830052,0.14234460979722524
0.11746976726061706,0.30546270632086814,0.28407872164482323,0.07472472656980648,0.21826407820388505
0.27002416254531386,0.015750883179731823,0.03757276186302392,0.5484281026405549,0.1282240897713755
0.3567974672150039,0.27737429653451706,0.1246333201658812,1.2565325362266735e-05,0.2411823507592357
0.2778431811816762,0.39852964792161394,0.11564773598175063,0.00015762204592973666,0.20782181286902934
0.2696855552561469,0.3063043399187265,0.12345259032937915,0.012482299518196,0.28807521497755134
0.19313455925960357,0.3115324148590152,0.07310368285196017,0.05957219619444616,0.36265714683497485
0.15904694937411792,0.4465183644436625,0.12117677924060263,0.0022383358663946792,0.2710195710752224
0.20544019662929144,0.43325416604410255,0.19552224574092014,0.003991164849080045,0.16179222673660573
0.2914194652946367,0.3222242737275698,0.09753047589119246,0.009206829679686076,0.27961895540691495
0.18443984748933095,0.18757295601498733,0.06955323473253291,0.07304823873228251,0.48538572303086625
0.17978354311019812,0.37260904831782954,0.1361007045058138,0.004266876448572919,0.3072398276175857
0.4169419266464653,0.304799019679029,0.09239195440682003,0.004072386425437548,0.1817947128422481
0.4614930638425627,0.2121107114881282,0.04534139952043245,0.003918859436648575,0.2771359657122281
0.4761229762491996,0.010831737444143405,0.21255509439723483,0.18935611332622146,0.11113407858320071
0.24829574190263803,0.04623339557279839,0.04413503801241577,0.5045510464553766,0.1567847780567711
0.2639414227449917,0.161095829729786,0.22612352145840306,0.0006505560077623774,0.3481886700590569
0.24460895126975052,0.28021385702327567,0.11388317395798846,0.11927430425161462,0.24201971349737084
0.5185626679859592,0.19310145722319155,0.08772164593447994,0.0004618246948819224,0.20015240416148744
0.23263204208418523,0.303492939531176,0.14793826597231716,0.018529486609256702,0.29740726580306487
0.6808771365759302,0.03842697107038633,0.07805032369666981,0.008301989819112255,0.19434357883790132
0.28957573381566265,0.28980351720159425,0.12340365022568346,0.046942523307525595,0.25027457544953396
0.2158387705867483,0.2862901583081992,0.2339549595682951,0.0025070184861666848,0.26140909305059085
0.4819494689948439,0.020180759037356524,0.19647556242947437,0.20141190213174545,0.09998230740657976
0.0830160368151055,0.3136194440018569,0.1282223743621948,0.24539193492804182,0.229750209892801
0.2966655217468959,0.36717327849475756,0.06775224227409375,0.0005095684596963246,0.2678993890245565
0.42000979631521185,0.040005184491421195,0.055175841029619484,0.29935586047557156,0.1854533176881758
0.5986443034809803,0.0192645677002598,0.11785020134041435,0.21993296141775479,0.0443079660605908
0.3976206981492037,0.2535133361735915,0.0990115807263756,0.003167634253181964,0.24668675069764714
0.33559375570579847,0.002340477300034271,0.021706671032644436,0.5995731759793509,0.04078591998217196
0.38682853530865197,0.12896074284304793,0.2877520459272087,0.01927485220589743,0.17718382371519398
0.23701916538141835,0.3787939159343766,0.0572227949551154,0.015485555156022525,0.3114785685730671
0.1347612488302668,0.13720420487608806,0.11311316843348201,0.39478778274523485,0.22013359511492828
0.1462668809799012,0.4210747527944132,0.2133564158660269,0.015256755947912953,0.20404519441174565
0.5896689067127284,0.09685322063008052,0.14982917632284698,0.0008710988383518146,0.16277759749599235
0.3763353341768843,0.186792092148551,0.12853369719824936,0.009494864608860646,0.2988440118674547
0.19288883930205455,0.3992562777391952,0.22892978602442898,0.0008136425489876859,0.17811145438533368
0.3205588316436976,0.3044256502811465,0.08938728971442604,0.0018792126066824102,0.2837490157540475
0.20328925657473762,0.22607590344877962,0.36806019891046016,0.001827995831399709,0.20074664523462282
0.23484222131313168,0.004008718530365441,0.15983810560901962,0.41658826647470143,0.18472268807278172
0.4469707381168715,0.26379660131022975,0.06941878542033787,0.00027107044679922706,0.2195428047057617
0.23908242906131252,0.26882309602138144,0.21218974345979408,8.965626748702474e-05,0.27981507519002485
0.5632621327653643,0.02254045495528362,0.12362927479820596,0.06555019681341737,0.2250179406677288
0.3899210869687914,0.2723841568950208,0.08016596694901817,1.9509857481503082e-05,0.257509279329688
0.16243747873957226,0.3897780187865807,0.24910891415818492,0.004812285443041627,0.19386330287262046
0.3316243549741782,0.310713867685964,0.1472443070764568,0.04585532485456428,0.16456214540883662
0.2036706811218394,0.4153829781530691,0.1340050862391725,0.007829959148570298,0.2391112953373488
0.06854160337087684,0.10362084247308143,0.0894939272081063,0.6471644374231266,0.09117918952480872
0.34907101890014436,0.17690886952695298,0.21000060389878072,0.0036617819551993825,0.2603577257189226
0.1357703729219446,0.3582215323846416,0.0967129661570936,0.13185060346212962,0.2774445250741906
0.2553425079534388,0.39260604829127793,0.23086066299012406,0.013539672403976365,0.10765110836118286
0.09718012315697783,0.2516149936794538,0.07842485782967525,0.3873099829815482,0.18547004235234482
0.22005567561095066,0.42527246701176286,0.08290255242508741,4.657964096136522e-05,0.2717227253112378
0.3808322779229379,0.2689227291297611,0.041788888706455876,0.008972984423794825,0.29948311981705034
0.242152745138992,0.25798108579960305,0.20537913224820525,0.0007965071842521126,0.29369052962894754
0.05770153760975783,0.12449014456597605,0.1184143061508089,0.31352773718206817,0.385866274491389
0.46159695407824525,0.174142732363883,0.2034380211773181,0.000168353608531778,0.16065393877202194
0.038481265350738654,0.14944580623515624,0.23849258840207244,0.1442455021768881,0.42933483783514464
0.22110921655098695,0.1676912320257841,0.29206612069657356,0.002543454868557009,0.3165899758580984
0.314426707821125,0.26477756137845165,0.10722081708116839,0.0033033554184882514,0.3102715583007668
0.3170828400063812,0.09753411871183,0.042835939758534884,0.475493869851904,0.06705323167134977
0.6980827610764293,0.01030091923321275,0.13268010448012396,0.022592889439919696,0.1363433257703143
0.13283832420430486,0.17715576686798887,0.17763423821601382,0.2800932420944556,0.23227842861723696
0.22464282848097622,0.38417031332291945,0.1626537161477807,0.00041285355929305666,0.22812028848903057
0.19643650815076533,0.3647562735748268,0.13264200505128393,0.001698906676764847,0.3044663065463592
0.03831572281878236,0.34551233453064284,0.17376619084492953,0.2760489976750186,0.1663567541306267
0.12958406804450676,0.020359501900149492,0.20816064337754178,0.4420498039726508,0.1998459827051512
0.4460695100977586,0.1455965811136354,0.22480567472409033,0.0006515235145559579,0.18287671054995971
0.07796057229364257,0.13830636099719132,0.053291174496033586,0.6689739172077768,0.06146797500535577
0.3778236788865866,0.2757075177164758,0.0944959107168674,0.002047743234708237,0.2499251494453621
0.35582182367957926,0.22766468380437532,0.12422903792351167,0.04245892702009304,0.24982552757244073
0.3241036828406635,0.34587534850451734,0.16611546965524068,0.0058346134325876105,0.15807088556699075
0.12923744571123366,0.06492191185207312,0.041334227221321886,0.5401664261684116,0.22433998904695976
0.25376283933907967,0.3105469766569731,0.07435761592196494,0.030921995153368707,0.3304105729286134
0.2544328048973061,0.2020843133834264,0.42489210593118226,0.00020281012140587823,0.11838796566667958
0.1308764633216325,0.4001748220606135,0.19762359534544277,0.08533064488237438,0.1859944743899368
0.0787935502914733,0.29899534153325824,0.0646541228808648,0.2467302605180922,0.31082672477631146
0.42111794293322274,0.25411122108362644,0.12168209244849602,0.0001803279761174749,0.20290841555853725
0.47902453870004436,0.19053533689997582,0.15610903030422293,3.3564006166887624e-05,0.17429753008959012
0.27364507395628557,0.3786320701256629,0.04949926488365737,0.01665777914467116,0.281565811889723
0.05280828385338971,0.05904739974483217,0.06836819779891695,0.4145081080561586,0.40526801054670264
0.13833290853032654,0.46132047310562346,0.15143547753014402,0.0027996891870261348,0.2461114516468799
0.2019885931439263,0.26805533313772506,0.06325516760585619,0.00018997197961860947,0.46651093413287376
0.29657002262758064,0.29691908874475637,0.03179665224005641,0.00976726370260768,0.364946972684999
0.2222574517933984,0.3524047633868115,0.1595608573080212,0.0014054089596221234,0.26437151855214686
0.5313620311793731,0.22641332113723833,0.06763528427986185,0.0005086189537796238,0.17408074444974714
0.1318203702117841,0.2899285404918322,0.10866279049651459,0.20518833039985118,0.26439996840001784
0.18867609320733125,0.33481331317268614,0.26477710304753416,0.0028881188621537415,0.20884537171029482
0.24819397705990096,0.30451282236876004,0.31213526315664464,0.0026837105140517354,0.13247422690064262
0.3410515562096376,0.3286684945424144,0.07987623180231687,0.00042732186286153806,0.24997639558276954
0.29373591505067004,0.2555417498206287,0.15948288842901595,0.023769963346766603,0.26746948335291865
0.22612783558317265,0.3385985413281278,0.23986053808772823,0.002911377308732359,0.19250170769223893
0.2666664513262971,0.09113576094361756,0.2497899702729704,0.0004000103623692803,0.39200780709474564
0.2360768666075328,0.37515727773053775,0.1659608589154313,0.0046556499925734405,0.21814934675392467
0.20050166634637742,0.37537775373772064,0.2306985177647373,0.0010467337066175876,0.19237532844454697
0.25902027565264757,0.17539670181000777,0.06467072412762402,0.22705352811927057,0.2738587702904501
0.24750717951308723,0.40296511616159647,0.12161969168333318,0.01536707721151086,0.2125409354304723
0.12190426465486705,0.34813892775889466,0.25577969071887563,0.06308814912586652,0.21108896774149624
0.10540248062401153,0.3930106619909017,0.15207389782600872,0.03120019484236561,0.31831276471671244
0.1553911610213873,0.35374623041028463,0.14942516843839904,0.0583379612103618,0.28309947891956727
0.44807193677559826,0.16917269494657186,0.24055689262718516,0.0102325493036681,0.1319659263469765
0.18443415264681554,0.016851313551747005,0.0625153778883906,0.33457366918132686,0.40162548673172005
0.2709572015049389,0.26844675735672724,0.09129943417211826,0.16408596750398424,0.2052106394622314
0.12356941739109437,0.07409753300746019,0.4681991099541715,0.000390733537327293,0.3337432061099467
0.3679172513547786,0.020093289337286456,0.3644528365979486,0.0004060527489182504,0.24713056996106808
0.11953759081112021,0.3197893667820653,0.04607649519968068,0.19511151208447913,0.3194850351226547
0.47072679206801155,0.007092681484184581,0.29325195999875364,2.741591304087856e-06,0.22892582485774618
0.1420296502929426,0.08348290563372615,0.08455897170253747,0.5230913328318838,0.16683713953891008
0.1387658960946599,0.4061396197596071,0.09506736773607562,0.025427151821828274,0.3345999645878292
0.4892322159174565,0.16532171109093866,0.20684274544268352,0.0005611569576986317,0.13804217059122267
0.3240956593383244,0.0982505595466251,0.43569524433200973,0.0002310466964313985,0.14172749008660943
0.22216654706018243,0.3940357361347399,0.21355255911302085,0.0029650932390853126,0.1672800644529716
0.1029179177506099,0.22784485128151447,0.11066367963333534,0.33398550793703924,0.22458804339750113
0.041950517060472106,0.4524613233800906,0.12573493436682703,0.1534467347824416,0.22640649041016878
0.1044957085779222,0.2170809690803751,0.1491039548865749,0.000424974124423342,0.5288943933307044
0.12214535069476949,0.3816952686651866,0.1865846037200229,0.07922163925367856,0.23035313766634236
0.14491898855703897,0.009733836074196806,0.02975000809151788,0.7449447858170508,0.07065238146019552
0.34615176140595844,0.22106399373787056,0.16297725672224453,0.019310548381954184,0.2504964397519723
0.11032085132412281,0.3696394771007654,0.14800308039776036,0.0787994679217922,0.2932371232555592
0.14411558950049028,0.374182919538367,0.13512164033830615,0.04858737357289651,0.29799247704994
0.2085943037231289,0.3352725049718868,0.13877627161326186,0.003326861159385365,0.314030058532337
0.1972138521920586,0.34224873498234887,0.14222628884621077,0.005990523825135261,0.31232060015424634
0.3253475444651942,0.07954888151402392,0.14759945424091866,0.0001555227427000036,0.4473485970371631
0.2925514196735407,0.3574973128422992,0.07909376920492053,0.0016078551796007729,0.2692496430996388
0.2653246161271524,0.009729025117006672,0.056077844650109815,0.6334522514746939,0.035416262631037185
0.27865692710322243,0.22753968727504473,0.2434153064787521,0.0006006646928320802,0.2497874144501487
0.31655688960883305,0.26768198697495166,0.16303551356737256,0.0030359296639943744,0.2496896801848484
0.14855214203862813,0.36843113732176064,0.19850410766902424,0.0002460786890203738,0.28426653428156673
0.20752486601287337,0.13076042620735456,0.12821916267425892,0.0055794967478681335,0.5279160483576449
0.5092102914967293,0.15293757246624506,0.09834694389806206,0.00014120370797871988,0.2393639884309848
0.19305359348015236,0.13403423655103675,0.09289466818609524,0.3456807243361566,0.23433677744655904
0.21597701676659725,0.42062077539338344,0.15857400990717738,0.006166802796697788,0.19866139513614403
0.1127516543858643,0.021652848476074193,0.03629987271102945,0.7122636822774362,0.11703194214959586
0.1257735457027759,0.11572392558717355,0.19034528279994917,0.32845864054216173,0.23969860536793958
0.30366680883126085,0.41615166378014284,0.018871745061812394,0.006260322770199242,0.25504945955658453
0.039412481020142595,0.00748907245961302,0.08548649624394195,0.6727091878537266,0.1949027624225757
0.1516297113783352,0.09761295843182825,0.09235205654912897,0.5116520928976678,0.14675318074303992
0.23267084638487145,0.23441661861695043,0.33283418313171464,3.801531510832038e-05,0.20004033655135503
0.06743791377644368,0.415984923221685,0.1754394611594362,0.08591820999033116,0.25521949185210385
0.21283932813580736,0.24691793147864216,0.16768015900226108,0.0024201745085698787,0.3701424068747195
0.32346119871103496,0.34643599688006804,0.1086603645656975,0.0017192195491455746,0.21972322029405397
0.32684907098723487,0.0751193808723789,0.3972501006427566,0.04324605713303653,0.15753539036459305
0.08161544239086212,0.28855596743244294,0.2586460923956071,0.02561630577056213,0.34556619201052574
0.2396684450659006,0.27333826090800256,0.3474728760602924,0.0002210997512003207,0.1392993182146041
0.4423618137348973,0.056883471602323495,0.09250617786699394,0.08394210255424736,0.32430643424153793
0.12148998301220545,0.28542199312151595,0.10432579640370898,0.2253853923268289,0.26337683513574073
0.14828806051243432,0.33274423521219304,0.07873512124475208,0.03167516810862658,0.4085574149219939
0.07505331375991404,0.01817165773647778,0.17342877084321537,0.4775572862159966,0.2557889714443962
0.11674840125454088,0.38326910416850135,0.05943360018214792,0.14397232167270557,0.29657657272210436
0.08183919205221704,0.14262277100898535,0.11108042828709769,0.5538888681851918,0.11056874046650803
0.16380434537695907,0.41380406934325253,0.17272822584596592,0.000714791333702986,0.2489485681001194
0.6220337689610795,0.13840900973997095,0.08569699047367865,0.0014679205074873349,0.15239231031778355
0.04000788625348406,0.21930675114685474,0.08314140104555479,0.49054963934453744,0.166994322209569
0.24154631845845664,0.3277604413984666,0.1313241570552278,0.004803557175977969,0.29456552591187113
0.4343730493743016,0.17869066510866496,0.24586940329594148,0.002326071399356988,0.13874081082173492
0.2466246570103665,0.3651251647522186,0.15465446715720232,0.03885973932707798,0.1947359717531347
0.3646570865476301,0.18768424838615178,0.17106739712454713,0.041969423273924694,0.23462184466774633
0.1793067963791693,0.2995812459794213,0.1617857188887809,0.08538102350102454,0.27394521525160404
0.608278900888169,0.030473629305959708,0.19572616656119976,0.013628007988794608,0.15189329525587672
0.3924915364011521,0.22365272973456196,0.12376810902709795,0.02737672053782076,0.23271090429936742
0.1635129396630001,0.3285921244854512,0.0730456181054608,0.10775657729891129,0.3270927404471766
0.40361623837665306,0.1640950442176961,0.17422828327400444,0.0006012265911674186,0.257459207540479
0.29212463486002177,0.32627020254964195,0.08000831859028802,0.0007207282052725888,0.30087611579477574
0.056094735329910446,0.2529911803898731,0.12360257255445217,0.4060025284126688,0.16130898331309548
0.7447058296534883,0.0017114149617959886,0.044195674718212376,0.009831840168048988,0.19955524049845427
0.28893238108299696,0.2462552431711098,0.06171251116290601,0.006545279145727575,0.3965545854372597
0.12506114109966485,0.026513660700462512,0.1641879193093086,0.49903928495503636,0.1851979939355276
0.19524825143029848,0.39576748014491436,0.08939401268401728,0.01180535797085011,0.3077848977699198
0.14852848380999772,0.4062364376488799,0.1461769256823506,0.0007359277247328019,0.298322225134039
0.15579909244579015,0.10716479885684316,0.07480132933996403,0.590665290877494,0.07156948847990866
0.07758509381397888,0.3920580828963629,0.15819117749751366,0.1216762826407161,0.2504893631514285
0.3264021600308941,0.35352941527850884,0.09313559346679057,0.00015993653597482573,0.22677289468783157
0.1817600340148933,3.0057050297869094e-05,0.5542183149910972,0.03349066336350527,0.2305009305802065
0.4689217923608121,0.15744386775883193,0.15532700619329917,3.1286364262717745e-05,0.2182760473227942
0.09152120782050391,0.4333745575412874,0.20484651000646412,0.044992226538169235,0.22526549809357527
0.13130638444978385,0.22042024041669325,0.07286010887835818,0.3074263636451705,0.26798690260999425
0.13054490670962493,0.06598106147461834,0.05581868228196588,0.590817485247595,0.15683786428619576
0.13256008846303974,0.2838779923853375,0.2726739555349411,0.003595207353963106,0.3072927562627186
0.23996637012974203,0.157895353308028,0.12390974982689391,3.8455585071797586e-05,0.4781900711502643
0.18564273633142853,0.2996114462989969,0.0822222240887432,0.0894769115894274,0.34304668169140395
0.11837914418657199,0.44589229811752523,0.25026156056786725,0.00376805050106636,0.18169894662696912
0.07225044205616277,0.02560654637663605,0.028715975159577235,0.7147680797046652,0.15865895670295888
0.33412858304012927,0.23040704138074913,0.1627256490961673,0.010174352626025243,0.2625643738569289
0.39114310309895167,0.1871010531838806,0.235703771685137,0.00036404492822530266,0.18568802710380533
0.057049503125648375,0.06142769288743024,0.14331973063765804,0.016128218597358534,0.7220748547519047
0.28337140526689286,0.3930146251362986,0.1190256355449662,2.728977195677979e-05,0.20456104427988545
0.10926172143797808,0.36948320199241047,0.10872695940438348,0.08642192505459581,0.3261061921106322
0.16566209118291036,0.21329089744157687,0.14544062039361824,0.181736549925766,0.29386984105612857
0.21995793257953178,0.07528293725334705,0.1256903616149738,0.00033661183505777126,0.5787321567170897
0.14362609185405306,0.28443375830074996,0.09771703129709279,0.25331507591694874,0.22090804263115546
0.4673156116693487,0.19206583291720847,0.2080891416645542,0.0026016995607855433,0.12992771418810314
0.37367209891785774,0.20607000165953326,0.17931675384738155,0.021707014420579707,0.21923413115464777
0.3777053229015052,0.05236000382544622,0.13880106250582283,0.05327916828656028,0.37785444248066535
0.38122158240652587,0.1452969257716594,0.10624557457377332,0.028751536016286407,0.33848438123175506
0.34326458534169374,0.04346324576484405,0.07132963119160764,0.2640789524914404,0.2778635852104142
0.5142184571488578,0.2113753109318054,0.12095987759695971,0.0002793965264078428,0.15316695779596914
0.05348575105081818,0.14882259961783512,0.07091105001226067,0.5103941523660648,0.21638644695302142
0.18520557341638316,0.3112788035741909,0.23310829154029833,0.09214417091564667,0.17826316055348096
0.09614774775699443,0.14971174062874146,0.21683294658238025,0.0005422642955906215,0.5367653007362932
0.3862207511425682,0.22403337276120258,0.11597245006685028,0.04210011222302653,0.23167331380635242
0.14519069158128642,0.11528567890826487,0.33768625102718225,0.28810259851784503,0.11373477996542146
0.19899053905525063,0.08324529796536558,0.07112864774980106,0.44428149867708977,0.20235401655249283
0.11792272039767517,0.3329909617513798,0.2488444948889681,0.023307794400125075,0.27693402856185173
0.07544111041988154,0.4675040233479656,0.16021576418117842,0.07061219463401461,0.22622690741695986
0.47064974565620304,0.11434034252360806,0.1514490062341103,0.08560546348290138,0.17795544210317704
0.5684536736935923,0.009417570297833907,0.10988242435743623,0.24074226188673353,0.07150406976440396
0.15686777328847493,0.29255401765017,0.11223863911618488,0.18680620835571063,0.2515333615894596
0.36956760061281085,0.004649819093164065,0.3218175519442576,4.141901417629443e-05,0.3039236093355912
0.20597502710274407,0.1441002435216781,0.06857043042262427,0.40285420756453394,0.17850009138841966
0.36819506344556185,0.20553000976242428,0.17444040596247487,0.013646117982190332,0.23818840284734866
0.07825435478104319,0.36226256803341506,0.19444791929564878,0.19612955955155575,0.16890559833833718
0.3641659621130097,0.03763331507992554,0.08349206375177733,0.012347062096505415,0.502361596958782
0.2058682174318902,0.39490136671665316,0.14907033354081903,0.008933792874613503,0.24122628943602412
0.2247847844949404,0.2029214401583397,0.19293181130703255,0.011281179723521014,0.3680807843161663
0.1440730043517805,0.3295076766522808,0.30377847161040394,0.02937629282668742,0.19326455455884725
0.4941742065442087,0.140460754054897,0.18660041641856298,0.0003014601517800692,0.1784631628305512
0.25308885079883087,0.32907639800189303,0.22472843090637237,0.00194494689088008,0.19116137340202352
0.15997730099045804,0.08281695024856332,0.14270759743896502,0.36782139212266796,0.24667675919934565
0.0590657865371586,0.16104115826172866,0.09305385186273375,0.6069689475950638,0.07987025574331515
0.1419043279024183,0.2374742613249072,0.13168588083239513,0.14008700781431183,0.3488485221259675
0.6137957220636345,0.02780007086877958,0.15037044430345936,0.007995432942344028,0.2000383298217825
0.6126661234183258,0.10044452120214825,0.10319453331168685,0.0002569005866153191,0.18343792148122356
0.09472072374679856,0.3216789110722811,0.09439026615580265,0.2631155454960265,0.22609455352909116
0.057390568215616763,0.03130304374532463,0.08558893565398852,0.7344852438668558,0.09123220851821441
0.14308389973993385,0.36077995842265675,0.33312353195528627,0.004050319752994537,0.1589622901291285
0.049775567416653,0.1845451048723197,0.10834787247963239,0.49764508884425745,0.15968636638713746
0.20173422628572357,0.35587981138044456,0.07434622542434445,0.0038496578603503615,0.36419007904913697
0.290727601008695,0.39608663603313615,0.050796991455446645,0.00018649362411744046,0.2622022778786049
0.17948965926419938,0.4917061403101298,0.11376707344109203,0.001183801319727526,0.21385332566485113
0.5600553055949484,0.03375323952054864,0.2065333333968129,0.11147167193780526,0.08818644954988489
0.3617888121156344,0.14987646507767188,0.3413174618410981,5.303253835807381e-05,0.14696422842723753
0.11015787699160405,0.03952891460728205,0.052988630171694584,0.6251768138221858,0.17214776440723345
0.07643602214932319,0.16912331088838822,0.07078953955328807,0.6060612363867294,0.07758989102227112
0.2465372996550352,0.30932796086080133,0.22732297673815915,0.00556328930536834,0.21124847344063602
0.17608997355440012,0.08941953231654166,0.05081064816944497,0.602803190870899,0.08087665508871414
0.23833172897332947,0.15951588710087666,0.13080835633072335,0.2529888082612531,0.21835521933381763
0.35484185526260886,0.2786774549208303,0.21140344882647777,7.152603203934124e-06,0.15507008838687913
0.1612254324450367,0.3922764399314388,0.07122353376767279,0.08494544914622529,0.2903291447096263
0.057575738787490824,0.29111514482338113,0.20724772215145418,0.25230329103089805,0.19175810320677572
0.07879625208534087,0.39847576442369387,0.26162304096171596,0.08936768495420508,0.1717372575750443
0.3296681558777637,0.33613474382418645,0.06452485317795727,0.025644207269365525,0.24402803985072707
0.2175637714329172,0.3000288411232972,0.18708972465916635,0.07277634857034043,0.22254131421427867
0.33677295107977556,0.20769269313720223,0.06927144300429207,0.052321005959248816,0.3339419068194812
0.4331403453219777,0.2447849548809641,0.09664481011247475,0.0113628745626597,0.21406701512192372
0.3797848966592921,0.35730350979605763,0.10151251306481382,0.00065286419552438,0.16074621628431215
0.29892905387940705,0.32069058526968414,0.13262843436798422,0.0025037382502812737,0.2452481882326434
0.24002866437404585,0.28187112403666703,0.06150441978809673,0.10343384161561953,0.3131619501855708
0.1633497461984241,0.18156897034666214,0.0551666448979348,9.300083515904416e-05,0.5998216377218198
0.22591045677301022,0.3288255286910844,0.13387797698955628,0.009128422411339565,0.3022576151350094
0.1533294582245225,0.016504365748573335,0.07434665099481229,0.6629162463903713,0.09290327864172063
0.20206945818592012,0.38504827806625275,0.16710629498831928,0.00773326311528954,0.23804270564421837
0.09012148250453665,0.2121671876618233,0.1723597277854455,0.016015189167942992,0.5093364128802514
0.2368367456477738,0.2914875610949599,0.11310275529010663,0.04058943783923801,0.31798350012792165
0.32780630029435537,0.13979095467141406,0.21658599732257355,0.023841864936979235,0.2919748827746777
0.3604083115491139,0.36553876140566355,0.07024082864923414,0.00027901612877135186,0.20353308226721706
0.13115098822935106,0.014935954903346671,0.02303498812165049,0.728051987418551,0.10282608132710083
0.4244150593424772,0.2717230309661898,0.07988904863574177,0.00014454137696047955,0.22382831967863073
0.4762504725705752,0.008701775562811615,0.18121569129554924,0.05882105144176461,0.27501100912929954
0.24784250894528176,0.24455576182538247,0.3921030750322289,0.0007348673075425598,0.1147637868895645
0.19015637849562864,0.013848710437330053,0.13128589796556325,0.5078070843932025,0.15690192870827563
0.25623063492220716,0.28459240061636404,0.14820187775335653,0.004208403883649004,0.3067666828244232
0.09186955743712473,0.35196137800857186,0.11099623997553176,0.23326960253889234,0.2119032220398792
0.30157016320676006,0.20384442616773307,0.17165780869135316,0.04600802690777574,0.276919575026378
0.18133313654019217,0.08246316092648644,0.059843262038060695,0.45987652427816794,0.2164839162170928
0.05244788746830396,0.3866334782938062,0.17289955766291865,0.2075765279326721,0.18044254864229906
0.44775101667729844,0.1494163883191378,0.0885690018131803,0.03194034186049367,0.28232325132988956
0.13012078003261673,0.29139274064531545,0.03388579127008337,0.18469758494708277,0.35990310310490164
0.13450591046041724,0.4136516455573994,0.09132554489139807,0.004874273992099083,0.3556426250986862
0.31164255124002965,0.3542550545906841,0.11907527155308546,0.014331716341991785,0.2006954062742091
0.31844343985381784,0.3204388338759827,0.12139998593806235,0.010354470478012695,0.2293632698541244
0.4704946926639846,0.21413826395983218,0.20112262231669448,0.005327585583022449,0.10891683547646615
0.1328879976596115,0.17225406487194164,0.12705023300128562,0.47757563812546855,0.09023206634169252
0.2367232215805136,0.29175788209504855,0.2068367257682265,0.10645447052761184,0.1582277000285995
0.2234410436274767,0.26995704681455074,0.23295801664860338,0.004363143243135277,0.269280749666234
0.17659082395845205,0.3170205005277759,0.2759469121724864,0.006488047158715223,0.22395371618257032
0.08100442318767082,0.36519718735562745,0.1911703689134851,0.12797145441803515,0.2346565661251815
0.10937162213226137,0.12691665338855296,0.07922458104090711,0.6207836037723673,0.06370353966591118
0.10251776950758398,0.3958705776432499,0.1047307840677448,0.09325770079481577,0.30362316798660555
0.28525503637203203,0.11368472669860719,0.26425076534414055,0.08788687278317153,0.24892259880204873
0.18863639722997763,0.3699568083140303,0.09749941386528199,0.09147926437839767,0.2524281162123124
0.05205689626395636,0.2239638397547176,0.106482743439645,0.437299294164154,0.18019722637752691
0.34764683872327495,3.52886101511033e-09,2.774740287099962e-06,1.981796847994745e-08,0.6523503631896085
0.2951956676982472,0.28249138304970345,0.10668201606219824,0.046411342777742025,0.2692195904121092
0.281232033963614,0.3439863798796346,0.12455671936691388,0.008287671754339069,0.24193719503549843
0.14614095234695035,0.01694570937167422,0.09511242230221317,0.620946700791577,0.12085421518758531
0.15906432396327294,0.18002827232819815,0.03313764444295787,0.4465064300413009,0.1812633292242701
0.14862216283012444,0.4406693002387843,0.2296477400412325,0.0005257021957151596,0.18053509469414358
0.18842362271100782,0.41215337857296497,0.07887516393174887,0.0093441691063265,0.3112036656779518
0.22233165927922963,0.007612445293311294,0.5740962409318967,0.07290866471661209,0.12305098977895026
0.11879997397841788,0.023023600707993745,0.07738553353450497,0.6494860163887638,0.13130487539031965
0.1906634315747335,0.08769002172828581,0.08899146956449482,0.3851786096438965,0.24747646748858934
0.19386204376807636,0.4333555345184341,0.11372857387484904,0.00433278945401274,0.25472105838462766
0.10975272077132085,0.39034243810047653,0.08290232547092984,0.14339543550853667,0.27360708014873597
0.7144854143282401,0.0010138402409509753,0.011031749682237241,0.00011422718811577154,0.273354768560456
0.4531087642389564,0.06479604004588464,0.23368986571323092,0.10523979141435727,0.14316553858757064
0.2682144566075525,0.39252281684400947,0.11038271028623964,0.0009679249977772858,0.22791209126442105
0.09197507378693015,0.3348752782084746,0.23171654976227352,0.12471259886663076,0.216720499375691
0.35295864946998895,0.060500213829342606,0.20822616186901552,0.1833762427024677,0.1949387321291853
0.09519105849824061,0.015760330722035518,0.04599073357908485,0.7001992461199796,0.14285863108065922
0.06097582743630791,0.20516137932796571,0.11666110589744616,0.4592261648675527,0.15797552247072752
0.1691540311614608,0.3900834910512344,0.15727875104212016,0.023657322045296737,0.2598264046998879
0.35271125352670796,0.1364766333664455,0.2643244212994945,0.014734632998214904,0.2317530588091372
0.5645052182613144,0.047377251349301035,0.1955198155512781,0.010615635271764519,0.18198207956634196
0.2537225078164143,0.3029600198825046,0.2259772306735266,0.027173504515053598,0.190166737112501
0.13728861396771777,0.34842044417263435,0.2749099905770143,0.009530112688867581,0.22985083859376587
0.14645041853738275,0.018394336738238745,0.040294128422648234,0.6289235948538708,0.16593752144785937
0.12318695941388294,0.019684050580674805,0.0533159110770656,0.6461755115764858,0.15763756735189086
0.45891582521155183,0.23403591378929747,0.03956575743312059,0.00011703917558350501,0.26736546439044656
0.431790193059084,0.30918605117317804,0.08226092825197405,0.0010947932820550641,0.1756680342337089
0.22656636983884124,0.20550352101908298,0.18929242710613753,0.028302605720771284,0.35033507631516686
0.4836386908408895,0.21358275154848066,0.13438065681557937,0.0002024575104861056,0.1681954432845645
0.5727587325509925,0.015112111729168615,0.11925438939130073,0.12404722716730307,0.16882753916123505
0.4786107970107201,0.1784635015310775,0.10265242318432634,0.001440811686228497,0.23883246658764745
0.06882035465952067,0.30247012692672887,0.15820293324035833,0.19225501521963304,0.27825156995375894
0.05764523267316546,0.2443904409869497,0.24792114956944425,0.20983134732200892,0.2402118294484316
0.11301716925829124,0.11969916949035546,0.0854622537779693,0.5868838276913211,0.09493757978206309
0.16466326686015784,0.045310131488674174,0.6261225433334912,0.013988469192011774,0.14991558912566497
0.2407050613480026,0.15801799512554546,0.2737812063284548,0.04466481076941386,0.28283092642858326
0.49794267478310533,0.15751247640451954,0.22404263962770324,0.007707231587669495,0.11279497759700245
0.2911731736154429,0.009989244145217981,0.6002077820732343,0.00020502703876420058,0.09842477312734067
0.1632189006901473,0.3867556641653986,0.22910569665788275,0.0024017015254525795,0.21851803696111877
0.2512250843713557,0.35659218721832875,0.055905507999641155,0.002399139352625585,0.33387808105804895
0.3005146266579754,0.010562227186617161,0.06610638087153999,0.5593899963156744,0.06342676896819308
0.38536845490302574,0.2739096645459277,0.1294119842055404,0.016042421261833854,0.1952674750836722
0.3221190228263465,0.3008884313185292,0.14238660959400906,0.0019388867371036504,0.23266704952401154
0.3061709427899173,0.3012724714401474,0.09626201149453419,0.011615626485689206,0.28467894778971203
0.21652903289616718,0.35911220286119516,0.16457406783461978,0.006408395519173039,0.25337630088884483
0.08010765858626787,0.11091340829167207,0.06311650250018278,0.38570548691408635,0.36015694370779083
0.20015392924969197,0.27850323294380536,0.13469922739663967,0.15255888811956878,0.23408472229029428
0.2064044423197496,0.39697262693845625,0.1675182291599127,0.003443150258059856,0.2256615513238216
0.10284805511139221,0.28117017351489404,0.2943970887908262,0.0012027267721814343,0.3203819558107061
0.45371916918635385,0.08540828179970102,0.10978249894336443,1.0608369258758857e-06,0.35108898923365484
0.23188510360544243,0.34019876848716146,0.2585952809605883,0.0004690486313533738,0.16885179831545435
0.27493032546404667,0.2805219766180869,0.2092847814218759,0.0002310878932463517,0.23503182860274419
0.2739514296841662,0.33750770687268183,0.09674575064379591,0.0017000112393570407,0.29009510155999907
0.08238719932458292,0.44866013073164956,0.19857629432389443,0.005521840551076258,0.26485453506879675
0.0634469661521603,0.20011091944441775,0.08500830352302575,0.4606673072846989,0.19076650359569722
0.5779366281107109,0.07727497763268755,0.15798692714129237,0.0010677633280686,0.18573370378724063
0.5040398041658186,0.21698076021964063,0.044677929465296515,0.034709560566943784,0.1995919455823005
0.53130068020352,0.1503309875501414,0.1320039372450525,0.008971516749083983,0.17739287825220218
0.12856580284981595,0.18204180694845465,0.16869308334913713,0.4121434522184663,0.10855585463412595
0.23310184139235526,0.3324147989428617,0.07999636440485565,0.0135396647464422,0.34094733051348525
0.4017411008323558,0.12354327232585408,0.207405956085624,0.018535239756485564,0.2487744309996806
0.09617304625271715,0.2056900800286456,0.2696692569636463,0.008779133842917782,0.4196884829120731
0.10586100519715332,0.1401443351986141,0.06058674728381138,0.607800728315748,0.08560718400467321
0.23295817340428523,0.32450835296772307,0.13249444110457348,0.041984030228534606,0.2680550022948836
0.19558409407015773,0.37752583095169767,0.16639908694476108,0.0063951958418613985,0.2540957921915222
0.11313198719709286,0.09125105020669022,0.03979143747425598,0.6795617374506413,0.07626378767131958
0.3340673872819226,0.020794597462893586,0.5288426106100584,4.8398032736151646e-05,0.1162470066123893
0.20136790389961653,0.3010054367265671,0.19349642965564495,0.04068041988716599,0.26344980983100535
0.16339433389343808,0.31845685158043546,0.0904565543948957,0.19553977246269097,0.23215248766853985
0.267562919775829,0.2755638775593121,0.18893881112713518,0.00447880601024149,0.2634555855274822
0.11854707843652616,0.4794019370692967,0.12707408869048342,0.006704905730333948,0.2682719900733596
0.2063530489516921,0.36629835533051525,0.20937963735166226,0.0003022298260364873,0.21766672854009392
0.6535457001420488,0.024970145871586108,0.18524381829344894,0.05024638064584214,0.08599395504707393
0.12832844452754102,0.2929420229387162,0.06339263789725019,0.13868715353395727,0.3766497411025353
0.20118676849548173,0.2543051634276258,0.1598589022170281,0.10833802564982513,0.27631114021003933
0.2643077130124278,0.16280762519816083,0.04476915957587506,0.009227067404845989,0.5188884348086904
0.2200861938071746,0.017413439334255192,0.5383582601981333,0.004752811169970233,0.21938929549046668
0.2638973947735498,0.25008452654918845,0.35408830712832656,0.0001417685971847377,0.1317880029517503
0.0935095001488399,0.38107141558490526,0.2560681546572727,0.014222794458484627,0.25512813515049754
0.22156522377768684,0.2993058505000264,0.17637705261243317,0.101173517387121,0.20157835572273258
0.22538358718329468,0.2619887724576748,0.07510376321889346,0.12563578774547615,0.31188808939466084
0.28194446024848285,0.37028893647164984,0.07269510201923861,0.0022047662206823694,0.27286673503994635
0.22163355899378964,0.3507595871443146,0.08805904993336161,0.00887026784583977,0.33067753608269435
0.6675128135667168,0.0268073454123208,0.08724868928068562,0.00011347538927876956,0.21831767635099802
0.3809213538841088,0.30065954119811494,0.07569691886737433,0.05150080672095501,0.19122137932944688
0.3841459475522696,0.3058430645146786,0.102222472753048,0.000980500005369944,0.20680801517463376
0.18354629588849847,0.01240166162765281,0.054059492956889575,0.6343682736273518,0.11562427589960722
0.3317257189788015,0.34648884082940135,0.08182972538255143,0.0004498651408951346,0.23950584966835053
0.1365604381874988,0.38884930632195386,0.32137981066779586,0.0011261884548225967,0.15208425636792872
0.17024785783341592,0.4291911595939845,0.11212387649986638,0.0059284498287856474,0.2825086562439476
0.36160159150275095,0.15108460970368326,0.09331973218161523,0.2001760320762908,0.19381803453565968
0.2324491226645209,0.005999427505090694,0.031242074941577887,0.6790095099000065,0.051299864988803914
0.631704598560713,0.12858862173798866,0.08068059949820397,0.0001444454809427546,0.1588817347221515
0.08468856330218098,0.14462016655690468,0.35252895446339766,0.005405681851095086,0.4127566338264217
0.28303314556823994,0.3666477741135856,0.10830481653705797,0.001787818587005235,0.24022644519411127
0.19067829662905664,0.400458100970474,0.17025930845367213,0.008110830398218444,0.23049346354857886
0.1441791093872637,0.3404733035456378,0.1875321867946028,0.0496736528253352,0.2781417474471605
0.3339831535565607,0.13763703954082948,0.08939674083400788,0.21060929649569832,0.22837376957290362
0.1713316318815473,0.3484563028373634,0.28454252232456695,0.0012451537207130567,0.19442438923580924
0.34477719768573656,0.07831885281843375,0.10835437434497242,0.007089864311162046,0.46145971083969517
0.7187640362252093,0.0011493221295522517,0.04184935714860362,0.00277525583953575,0.23546202865709887
0.2772336282108248,0.26847204708623074,0.1272711125082222,0.2041185383341869,0.12290467386053545
0.42470027439670877,0.23482602355607657,0.08587464026111305,0.002557522817320806,0.25204153896878073
0.33152186418565777,0.28245013782787703,0.16079333815673874,0.0034042666364954895,0.22183039319323108
0.22549758759615082,0.41585578902618947,0.0552819624231789,0.01973851010575649,0.2836261508487242
0.45227092501969374,0.11564548698785695,0.172648796065429,0.000888902468810952,0.25854588945820944
0.23971243542011683,0.01351501429287806,0.09037733918137802,0.5782087871509731,0.07818642395465403
0.14790509605585703,0.24632116684189487,0.377086220101826,0.030977950209555377,0.19770956679086665
0.4426144113184035,0.26495837752084533,0.12154160017878356,0.0006872444237792479,0.17019836655818846
0.26645947625251193,0.19259764394049417,0.08286073365051923,0.12993427387149986,0.32814787228497494
0.35706546753940377,0.03512370993336861,0.03645534101595406,0.22348250551671994,0.3478729759945535
0.09779357856110671,0.41012484497775026,0.1468805279370752,0.03617321399078707,0.3090278345332808
0.13230697225838464,0.08766020055126957,0.10288267048852395,0.4401129127088303,0.2370372439929916
0.1215759058260436,0.3468260944112572,0.23578331250260734,0.04783738074296661,0.2479773065171251
0.21724570850000513,0.0007868824318769623,0.023994277675720526,0.7079768664826547,0.04999626490974262
0.15152713111458466,0.10128028480901628,0.09432889913229399,0.543914798905451,0.10894888603865395
