RF_0,RF_1,RF_2,RF_3,RF_4
0.1526173744362801,0.17058400335581567,0.4031282550454926,0.14889072810356505,0.12477963905884652
0.5042011321835831,0.11327324142451962,0.07013298314513806,0.009000649551162943,0.30339199369559616
0.2586948112069987,0.15565657229508326,0.07920746258768827,0.09295588525876065,0.41348526865146895
0.10179524445340808,0.6543100966023029,0.0990720708105629,0.00692873651033801,0.1378938516233882
0.49096892753671745,0.24856832544812982,0.16548097809231127,0.013045069434257619,0.08193669948858397
0.056673313659821964,0.15108636241683873,0.16147511649290092,0.02218337046804082,0.6085818369623976
0.06462363596611043,0.08700190390139545,0.035358649678022956,0.727713899546113,0.08530191090835831
0.3053311837342658,0.4307070267191737,0.10467298829731023,0.013667565800918782,0.14562123544833144
0.24182291435395883,0.49128521350459503,0.07707698614447724,0.00985896011065997,0.179955925886309
0.38557552268535233,0.2623094088422119,0.11186615030983106,0.03873151300536254,0.20151740515724192
0.3038835801067766,0.1854195575288706,0.15217017158722349,0.17668841980932676,0.18183827096780245
0.10895792946134857,0.6291091875905733,0.08568201651362387,0.035668396075687066,0.14058247035876723
0.4350641820690969,0.32398799414897644,0.1207029219724701,0.00755692702238966,0.11268797478706702
0.3531486229853576,0.37207508337700296,0.13559555974499754,0.007465731861194923,0.13171500203144698
0.21416244077213112,0.2236386176969026,0.30866048947595154,0.1419247168133871,0.11161373524162753
0.08314637355713776,0.28051542856856276,0.544699051563734,0.0027885510455142076,0.08885059526505117
0.41324275444067404,0.2626347720224309,0.15138731678382297,0.0067333156745971534,0.16600184107847527
0.37709280179527943,0.17322489749219716,0.08054771171519294,0.014497634794325033,0.35463695420300534
0.9478377782451274,0.011683957037847217,0.019594468693820272,0.0002518428846278562,0.020631953138576763
0.10589148731200845,0.046076469333958266,0.05646834341832003,0.5302670982191513,0.2612966017165618
0.09420291398340104,0.0341443917755551,0.12205903144815673,0.0007722932770371099,0.74882136951585
0.46998838454949193,0.09045662296464267,0.1553891900682015,0.16933343719519986,0.1148323652224639
0.3669545481689487,0.2000637006932426,0.05861237886056979,0.0020735171233888317,0.37229585515385
0.11370334241650831,0.4088166522694693,0.06837288191189854,0.005977244552395852,0.4031298788497281
0.5943229079171295,0.09136682412917314,0.07557114434251572,0.023302025055130432,0.21543709855605114
0.10269808943581035,0.1341539696461334,0.09835126739339317,0.003425542262277289,0.6613711312623859
0.20249117803581013,0.38998929825749845,0.19310165217948186,0.02069663143811384,0.19372124008909558
0.6153626031030877,0.11252183327676478,0.11220408749652186,0.038355485615520976,0.12155599050810481
0.1340607761633537,0.37049133678201845,0.1998312048682519,0.1431478488252368,0.15246883336113934
0.2701694061630028,0.4684178008517587,0.11481744664379107,0.004627545699592782,0.14196780064185455
0.30528845707491103,0.08350035177422946,0.04145507565152075,0.1252647512959107,0.4444913642034281
0.8219343597264758,0.034457604161892336,0.09780111385792838,0.026772882438173825,0.01903403981552947
0.48822230882802387,0.1384021358262699,0.14851312956322632,0.016785346120334898,0.20807707966214498
0.032211084333229965,0.027144939626056793,0.01186979782039333,0.8728163868958854,0.055957791324434895
0.2169429367557289,0.08683734458261715,0.5398472356228083,0.003978299624541917,0.15239418341430366
0.15937622079286295,0.4537775559308417,0.11331184800466806,0.11191094602060092,0.16162342925102646
0.10500469021900347,0.20469367835732946,0.103951854849502,0.4311792250728525,0.1551705515013127
0.24971874781309186,0.38151139356988906,0.19605379730706382,0.022264386347594464,0.15045167496236064
0.9429843904266082,0.0030007298954158614,0.0043366114353464,0.00026264820345732644,0.049415620039171985
0.6230748756848791,0.1275960622553566,0.0779780513148017,0.027408214503822612,0.14394279624113973
0.2602638016477477,0.39100285547648583,0.128349452672849,0.009513596468529643,0.2108702937343877
0.5103221705477288,0.17963774198595636,0.13438451636032692,0.014137575301900527,0.1615179958040875
0.2041564290608069,0.3229202908557769,0.26299100189237795,0.022152623731014624,0.18777965446002362
0.32174747396447884,0.08133820657638838,0.09195893993757584,0.020545058139534885,0.48441032138202195
0.3144350346774686,0.15540310745052338,0.07015190431902185,0.0058283168508707585,0.4541816367021155
0.15187842339902755,0.11233157055064723,0.3696875221036748,0.0031133248343599685,0.36298915911229046
0.7191927231859243,0.09873124315647049,0.06632304283727988,0.021785586337060785,0.09396740448326452
0.6306912337540611,0.11739908282945608,0.13793557567405718,0.00740587176048266,0.10656823598194304
0.09560544214233134,0.5381990007621947,0.15400584027928635,0.013998595883334701,0.1981911209328529
0.327535021908586,0.3830585308523903,0.14794145761572589,0.0057571315658809605,0.13570785805741692
0.3425860268796459,0.3619121053532257,0.11032944078006,0.007347004007288931,0.17782542297977968
0.03789801375011497,0.016250558211007116,0.01173677821717953,0.888068175785152,0.0460464740365465
0.42931434900956517,0.18687977459725647,0.13243313973013474,0.04743348971543819,0.2039392469476054
0.1988893629496783,0.2609620186384564,0.1309589542175296,0.2545322830355645,0.15465738115877112
0.2311073838830875,0.26195910351601054,0.07399588796199726,0.01240903966129,0.4205285849776147
0.12367511943360526,0.2484382095271446,0.2396342261117555,0.2751889019073195,0.11306354302017517
0.1958118350932605,0.5520792123778849,0.07728329236171226,0.010747863401597557,0.1640777967655448
0.24994040100435086,0.32462605708207526,0.0454873073594303,0.015298968222078047,0.36464726633206546
0.42680258460086695,0.18945312796786418,0.15254963784635522,0.00906136186664095,0.2221332877182726
0.33784048146201895,0.05925954599303246,0.04971931926196932,0.3051709502174532,0.248009703065526
0.6847203829050144,0.09938344447172426,0.12405156888040303,0.0013557034569796574,0.09048890028587886
0.09376822321194364,0.08451841906906722,0.15153301090775023,0.37747998263488347,0.2927003641763555
0.1805521723255665,0.14479348963828875,0.6049677664593238,0.014768652426312343,0.054917919150508546
0.314182195095776,0.16858176016820942,0.2558978263666908,0.01159216508171426,0.24974605328760943
0.22122431064611184,0.0875527717932199,0.07713537780384579,0.3012037975259169,0.3128837422309055
0.8020375323887065,0.04567196361425634,0.06809877278668582,0.030657669815564552,0.05353406139478694
0.16796814881188854,0.19643933838573246,0.2416937666777319,0.24659199465145462,0.14730675147319242
0.12722571262324048,0.2400000799595607,0.06402348537839192,0.00350684857489339,0.5652438734639137
0.10075369767834143,0.6706116907189219,0.08345042923283749,0.023491311004767024,0.1216928713651318
0.03247477888060673,0.11510563794007736,0.08472133102438108,0.6814532726166854,0.08624497953824922
0.10732048511426427,0.03320011096446031,0.1476343168303775,0.6453815089449028,0.06646357814599539
0.4424220216378035,0.16558174656750327,0.23081732527836551,0.0071495517932199945,0.15402935472310775
0.030664330421530252,0.03419092840820839,0.022897739865498434,0.8215487758206804,0.09069822548408261
0.5598468615882236,0.19910430233312063,0.09231134548185739,0.013630671317670017,0.135106819279128
0.21609604963925164,0.24084693047302902,0.16270669655747622,0.18399767675283282,0.19635264657741036
0.21156068091933,0.4817526572518566,0.1269901246289849,0.01207706073260571,0.16761947646722286
0.08193000183779199,0.051662047109922504,0.041628543753520014,0.1313932820398315,0.6933861252589341
0.20837037952979284,0.1659805322136268,0.1516646551251087,0.266084020352226,0.2079004127792454
0.05653361258982228,0.21656537614317556,0.09070600078619806,0.0013295101699417483,0.6348655003108623
0.2079945615249119,0.3373415605867847,0.15804722443417124,0.1384122272513439,0.15820442620278846
0.12422576762054416,0.3664997304557278,0.10823297071603913,0.25957813184875694,0.14146339935893182
0.3318973621316115,0.0947745865410284,0.06009548777578384,0.006664243843630687,0.5065683197079456
0.3212954406985606,0.12693111700491846,0.06649909583385366,0.0017026223789302385,0.4835717240837368
0.15940300355853515,0.46113494430517776,0.10983170109838605,0.1222335084646381,0.14739684257326277
0.0702452182784541,0.02279590394493661,0.020410939384931506,0.7052350129894276,0.18131292540225036
0.2728767326876182,0.31691227492215485,0.24878249815784734,0.023929408651463365,0.13749908558091614
0.22082252047815668,0.4226391315629193,0.17465844521268603,0.025748189441294103,0.15613171330494388
0.21023485824402666,0.3824485922452292,0.07739689409873506,0.11123163632822441,0.21868801908378457
0.25990733160905555,0.3147245743328527,0.15858896394598124,0.022731869188508346,0.24404726092360204
0.34759358462335493,0.11669441261306768,0.07441890663558079,0.0008818606934927996,0.46041123543450346
0.16101409644829875,0.31976431368897584,0.1311777296597627,0.2037866479589793,0.18425721224398334
0.2782905901018432,0.25198179801742165,0.20576493007452734,0.003228993386384705,0.26073368841982303
0.09568073017518122,0.6611580156998608,0.14819142617093775,0.02453831340228399,0.07043151455173642
0.34792638188685926,0.3458065087017981,0.13668630611389015,0.003551515726936964,0.16602928757051547
0.38182788409267887,0.21382799380062434,0.2426855720828662,0.029044708316819073,0.13261384170701151
0.34009594182675473,0.24391039640349635,0.11025159013647165,0.026850349749421017,0.2788917218838563
0.19393973214874727,0.17223077799528866,0.2713447143916425,0.02033333333333333,0.34215144213098825
0.3066181273697747,0.38869379023283296,0.0945917417194222,0.025800171170313614,0.18429616950765662
0.3557719226635843,0.2626706807422724,0.09424323479950106,0.0053931076435693535,0.28192105415107277
0.2537614140654656,0.24132217845291684,0.12968371999602618,0.28551810692446516,0.08971458056112613
0.28532156037303424,0.4383554247209743,0.1370839542159018,0.03637126083682468,0.10286779985326495
0.18009754709406914,0.4170952153041337,0.21669796639766908,0.06523801837499121,0.12087125282913704
0.19487031859723544,0.38760791403318634,0.2037883843246846,0.020019478889393677,0.19371390415549974
0.17127282762245735,0.4222007138234362,0.23723149985401853,0.08294784612624469,0.08634711257384325
0.2388769576513965,0.13690806472873804,0.3740172567687139,0.010935661653144038,0.2392620591980074
0.25712834273736174,0.030800420217260593,0.05403547142767371,0.4991733048841907,0.1588624607335133
0.16889182505887365,0.21124122049414745,0.21851193793814747,0.22590918533025053,0.1754458311785808
0.10248092715092535,0.09151967092020852,0.6068875528245313,0.044729652612970086,0.15438219649136461
0.232900764229034,0.028988358498366954,0.6391553657675579,0.004693605544974211,0.09426190596006694
0.1885657414894419,0.31283327886970796,0.10445856219687424,0.18523355411468057,0.20890886332929523
0.39187505922524307,0.09920836199631661,0.13375444754277027,0.010467239527389904,0.3646948917082802
0.10795098769270375,0.06443592579934124,0.028848410063189903,0.6603211624455656,0.13844351399919952
0.20820236237164905,0.28140852909931846,0.10558462095487134,0.03676036880568825,0.36804411876847304
0.6725043018075667,0.11361179129105776,0.13516912531065617,0.00377369571292532,0.07494108587779406
0.07957489218814473,0.5866134140790374,0.24612328590147975,0.013153792997542997,0.07453461483379516
0.2925153342243215,0.3857336929362279,0.11856789342359322,0.00958400845493501,0.19359907096092224
0.09258776308319733,0.3204726265610977,0.08330851483725737,0.13588173134619905,0.3677493641722485
0.06159539800807293,0.24486131912947381,0.03859650091937124,0.03439543306609942,0.6205513488769825
0.12113985490863835,0.4059733657472728,0.08678441124577421,0.038101208932880375,0.34800115916543434
0.11861721925826994,0.5677067321113163,0.13779814108331184,0.03857756247732244,0.13730034506977928
0.03639349994601636,0.03700367488864294,0.016197384787514268,0.8772587111193972,0.03314672925842935
0.32090538141900654,0.22613010362240668,0.288503629213137,0.03180906577253956,0.13265181997290998
0.08338320518339365,0.3230551791424498,0.05290369075485101,0.047829143299609765,0.4928287816196957
0.32889591226223636,0.19189008702143087,0.16213339773619484,0.1605455819841132,0.1565350209960247
0.14341177833434443,0.4602204628505659,0.13795794984725324,0.015222160325443308,0.24318764864239298
0.1434120222925057,0.34993999051150276,0.15528429458591123,0.0720596428173841,0.2793040497926963
0.26491611476528637,0.3027372359032946,0.11192551306485678,0.011775280174935019,0.30864585609162726
0.4514356889735493,0.2972959506137183,0.1107601851100573,0.019389804373733926,0.12111837092894102
0.10017681182091616,0.04339244552653396,0.04654433082106747,0.7510214232727712,0.05886498855871101
0.1223120162950994,0.20271704994353684,0.4298176555749077,0.004179945543284073,0.24097333264317203
0.42987097773476945,0.1678866557037385,0.23718660210813017,0.02080939048229719,0.14424637397106474
0.36101174940668357,0.2218589446818211,0.14809359132510783,0.02267836754530904,0.24635734704107842
0.1638338741489916,0.19827208365237747,0.2794248373830957,0.025321491211328026,0.3331477136042073
0.6595060127004234,0.11389898996830634,0.10748699823843898,0.001200840915417387,0.11790715817741408
0.268753041723763,0.3075438917306292,0.14792399160710432,0.1476920913428428,0.12808698359566045
0.09513776472914477,0.5985587171232707,0.09436250878111047,0.007605295087852282,0.20433571427862168
0.05753242069303968,0.0196529741873953,0.012897932101767944,0.8706379795781374,0.03927869343965985
0.2972629352610888,0.19998661922593797,0.10567608897259126,0.12928027821000593,0.26779407833037605
0.501045521103481,0.2732821316364141,0.09583881017127405,0.010186409974991359,0.11964712711383964
0.36625438638373764,0.03331047535998637,0.07143147656019985,0.38816476087990276,0.14083890081617342
0.12314060970536181,0.16558068134989137,0.1012317346396191,0.48607026625541444,0.12397670804971335
0.16131834373412665,0.39554099363649775,0.1859296966184808,0.004498739899019484,0.25271222611187544
0.17272657373384148,0.4430804119716032,0.1027672724015037,0.058455174744476264,0.2229705671485752
0.3376508411813414,0.16416123751642814,0.37643152129507385,0.03960958847312983,0.08214681153402681
0.20631005476248834,0.2347426061741975,0.07412723012446412,0.006173793908439576,0.4786463150304104
0.1678693510233418,0.2920676843191537,0.17652588072532524,0.012464529003892711,0.3510725549282865
0.07185065797571132,0.10459993366277891,0.2244527489193351,0.016444588391765477,0.5826520710504093
0.44514873281860184,0.18429979996517265,0.2209287480391316,0.0045352235150456,0.14508749566204834
0.17201439755818884,0.16238168441727602,0.0473099448022929,0.1801451852044272,0.4381487880178151
0.15481308405061822,0.32319860661635597,0.14641344842946996,0.20520943220541565,0.17036542869814014
0.21505336229002092,0.18400081612466035,0.21326535247367673,0.18910238401237997,0.19857808509926206
0.022509413307676907,0.03697570922141709,0.012906050411755122,0.12536844545804504,0.8022403816011058
0.2651848216416418,0.1410627813243895,0.08650331295518494,0.13973492185486075,0.3675141622239229
0.032750128831368956,0.03513649921125351,0.037164992813008876,0.8067566080325677,0.08819177111180126
0.29250173096224247,0.20866975904663185,0.05670205336304543,0.015720995559281137,0.42640546106879923
0.8376724348200648,0.015723684158322915,0.06479670008526121,0.00035714285714285714,0.08145003807920802
0.042550335805296706,0.0882849433272147,0.024546100943274803,0.7315270050605116,0.11309161486370226
0.3235095917939698,0.18688013853848418,0.12968156613440043,0.007477276298490843,0.3524514272346548
0.36820325698536666,0.45294086051446114,0.08739500675019425,0.012587224163406598,0.07887365158657121
0.124533637346236,0.2524640015172861,0.2908698514005727,0.03815156839997239,0.29398094133593283
0.31766644152657286,0.2720563943235,0.2696438920541102,0.01458496190717769,0.1260483101886391
0.16991854015369812,0.09858446515978007,0.14729373301945536,0.443448933976212,0.14075432769085425
0.8835989989505653,0.018767227939320764,0.03931634863669082,0.0014364156268709624,0.05688100884655193
0.19859789570265712,0.36298274795135976,0.06591940635293175,0.020946051165724497,0.3515538988273269
0.1988672198552413,0.20607320566436774,0.10202501546567203,0.06173955883556155,0.43129500017915734
0.2397065278686165,0.1308355282096863,0.32351488935945083,0.013990616514073009,0.2919524380481734
0.24758311240368694,0.20733167543920517,0.0965074078065605,0.009936038048653482,0.438641766301894
0.056340033079031945,0.1072428649400327,0.035763581848435234,0.6632022323730573,0.1374512877594431
0.9122603335496464,0.020194109288556653,0.022311864086572698,0.01487179487179487,0.030361898203429147
0.07156828779157912,0.5291351694071004,0.09102641990566707,0.01655195873333532,0.29171816416231805
0.06103771349116238,0.04455682933480395,0.026830323079230344,0.7589768861104169,0.10859824798438619
0.13479697036392838,0.6320579049068197,0.05742186004664099,0.01604049728732017,0.15968276739529066
0.08428396632434654,0.654855153591379,0.0788160805585946,0.022005470180874318,0.16003932934480536
0.0597738527392047,0.03948743934774855,0.017867465858979272,0.7920920697617535,0.09077917229231378
0.14550341757786173,0.40734542608183544,0.16585194854231144,0.07596713133003441,0.20533207646795681
0.29794939144787996,0.36297513200872905,0.1081692467841739,0.03459780398891957,0.19630842577029736
0.1498488169603524,0.436125704127416,0.1252377994242683,0.023875689500615985,0.26491198998734733
0.5878473682599094,0.09586865608191478,0.15206257449612728,0.0010615844770594219,0.16315981668498913
0.1688593248723212,0.49701907914187676,0.11870712906429444,0.05807129883982475,0.15734316808168303
0.42639913063319423,0.233651042181855,0.15935408517173333,0.0824533225848027,0.09814241942841448
0.1038450976864104,0.13118850291134523,0.08328978207183658,0.5557812571019342,0.12589536022847375
0.11396558410429534,0.3956866899381024,0.2398593069121838,0.007247936424355003,0.24324048262106335
0.04757788641611887,0.04362882232853799,0.12725584753892835,0.004635826342703704,0.7769016173737113
0.12784108335674016,0.16166393349380745,0.09942573124820658,0.08895266557688412,0.5221165863243615
0.08175487092032474,0.6908844750487109,0.08049538438785497,0.010309066537879337,0.13655620310523017
0.038085276898261855,0.029325771572276747,0.01787032602810896,0.8826313097600577,0.032087315741294725
0.42120173330982064,0.2533608630345914,0.13923074185564993,0.038261892524701524,0.1479447692752364
0.5685671882701524,0.1607433940262922,0.12618680572489857,0.003561221111841335,0.14094139086681562
0.06816191809441668,0.05335861788678997,0.07865124513279269,0.007150412264508268,0.7926778066214923
0.09854674988714236,0.6179340619053835,0.08594634851198832,0.0014875409102107634,0.19608529878527498
0.197792207178837,0.26517235988848264,0.1751295397727465,0.19218867234482648,0.16971722081510737
0.38446585799038446,0.1932859598416096,0.2542923195840227,0.056549123083415906,0.11140673950056743
0.2942887391845816,0.18845863968455162,0.15770239688127308,0.04103302611367127,0.3185171981359224
0.13541897736005576,0.47933153013745555,0.11350786077391328,0.13998964672534064,0.13175198500323496
0.22014252895514033,0.22759171100107622,0.3885601114145072,0.02661468493072838,0.13709096369854767
0.4083541891863073,0.1834019909679593,0.2144757900840091,0.023503112022927278,0.1702649177387969
0.401094919930853,0.13791402850153647,0.3338617476440266,0.05690641280304401,0.07022289112053991
0.3057499292309736,0.1694475316835997,0.24250277296405703,0.008932796076812244,0.27336697004455723
0.27051140544161417,0.07285738709168016,0.032770286631397125,0.2244542334803411,0.3994066873549676
0.5775734219180931,0.13912295599578636,0.15404324043703013,0.0016781205981137187,0.12758226105097684
0.03658578490339647,0.053028707139083225,0.021318577702581342,0.82355313798231,0.06551379227262952
0.10824203543778411,0.5679541813550238,0.1811103201598936,0.056777762807278045,0.08591570024002027
0.09183981596010726,0.1468854524402038,0.16053496299055772,0.04649952371655063,0.5542402448925808
0.12595677297596572,0.38133593231576524,0.10895112364094375,0.01535242866179081,0.36840374240553436
0.1637288043756288,0.38373064622995856,0.1459028620872225,0.04973697560560805,0.2569007117015819
0.1174798897040153,0.11084766867824002,0.07485829148746201,0.5519613197816572,0.14485283034862528
0.1318325869633364,0.35520779432917166,0.21460952566084854,0.07123694822995148,0.22711314481669176
0.20966672185312882,0.4073709122585122,0.12105011675832066,0.07328912942736751,0.18862311970267057
0.3802773876690796,0.2667739711129109,0.20617963612558537,0.02004761103762152,0.1267213940548027
0.9364038179657451,0.012518116857076688,0.029256577616465333,0.0002583808760431892,0.021563106684669577
0.2311570784533067,0.39832905935340307,0.13655513675525469,0.060785515413284814,0.17317321002475064
0.18729153685236358,0.010389324319520896,0.24785562964132357,0.008841172923262476,0.5456223362635296
0.08986720137565714,0.22830154220263052,0.08494440562773903,0.3350420998774017,0.2618447509165715
0.3832710681177956,0.26776877005248034,0.15400211017323343,0.058761065837110805,0.1361969858193798
0.11124413850942994,0.35339071182276677,0.23715087189219755,0.1092086402301144,0.18900563754549135
0.14198456393315934,0.0891260686390254,0.04999985399634828,0.06352283970480188,0.655366673726665
0.2619953760188996,0.32555552393889525,0.10647167955468011,0.006267937832587591,0.29970948265493746
0.21896173863513865,0.09705032006838028,0.10729784683469737,0.03381830397820156,0.542871790483582
0.16358875014633115,0.4677951256045583,0.24925564572731124,0.03506781138475588,0.08429266713704349
0.6397434638725857,0.11553253324636747,0.12415818321027197,0.018757269872153294,0.10180854979862154
0.3016947778701284,0.29791627417358063,0.198613515027386,0.014289364562522213,0.18748606836638268
0.13488279695708053,0.07478763743736447,0.13549512456283644,0.5337552965548459,0.12107914448787276
0.03846322307208046,0.04226511302611609,0.0334215319772302,0.8043628994627088,0.08148723246186457
0.19250546371702232,0.2958747265598893,0.14783181016390026,0.2082178457048696,0.15557015385431844
0.8862657044101762,0.02487507119240591,0.03859163871555432,0.001877614667656639,0.04838997101420692
0.8220845458841396,0.043454555300455944,0.056262639530609136,0.005410841055812433,0.0727874182289827
0.08227826835626784,0.46468702766299375,0.11119804612651857,0.16127346841985776,0.18056318943436203
0.047752535349324984,0.026822000652571624,0.022711546540683584,0.6282099964116127,0.27450392104580695
0.09323340083073635,0.1237698261103384,0.7001580180863667,0.009192104471082376,0.07364665050147615
0.04614612147150421,0.024778590751869486,0.030373776315422464,0.8076967546079951,0.09100475685320877
0.1728467528093021,0.5534618168613574,0.08224692233568104,0.017014028685100796,0.17443047930855865
0.5128528730622901,0.24077415459218499,0.13676773842195897,0.004963300267512896,0.10464193365605286
0.1289132006678835,0.6733648230916844,0.07630514524316755,0.00879528808322023,0.11262154291404423
0.3924699691850409,0.07880423056964618,0.24964714496906013,0.17629114231858573,0.10278751295766686
0.07886874407485717,0.11531430601209226,0.26719124168201197,0.002268100257230692,0.536357607973808
0.07421213690892882,0.06245612169782558,0.03371331988622492,0.7688400488428947,0.060778372664126064
0.0699547487400738,0.047857049107048244,0.0442667880156266,0.7130657904667541,0.12485562367049723
0.1309234504668162,0.27335992267238285,0.07879007853978225,0.006557290583718968,0.5103692577372997
0.047887248608985786,0.03470338616368479,0.013767945183727951,0.8023354601942944,0.10130595984930732
0.08797489341436218,0.30973015993520864,0.09470677237337746,0.11548309007750276,0.3921050841995488
0.3999216075891086,0.2152612336881885,0.22463674983966364,0.018580917494984896,0.14159949138805428
0.17493931526921586,0.3687197219087695,0.1007853402972626,0.08234143156550724,0.27321419095924465
0.06093477059626808,0.0989226829358853,0.08888335723091664,0.5876528663719839,0.163606322864946
0.10208336074912795,0.2695643516759428,0.45950499405607026,0.03672837236174373,0.1321189211571152
0.4025220238920449,0.26573148745279224,0.10299981992382873,0.09562367570280957,0.13312299302852426
0.21478438646893946,0.3769017366405237,0.23560608166445263,0.09135151714263376,0.08135627808345054
0.559408252386088,0.11627226632971199,0.11199790858509397,0.05308678746847449,0.15923478523063136
0.47606385490150205,0.17372589024979412,0.15404004122222595,0.0073514147847439796,0.1888187988417338
0.2466946321993192,0.44630815560950354,0.14020684644532236,0.014662878447251256,0.1521274872986037
0.3737289743752589,0.19036865169857836,0.2691694901397482,0.039324757582389284,0.12740812620402514
0.16362647598327332,0.13988276917064876,0.061289911365427045,0.3069883238118226,0.3282125196688282
0.15706059854638574,0.3373247017898185,0.15845504919447842,0.013445569487963447,0.33371408098135374
0.32745223740320184,0.3430218806742411,0.15357757474032352,0.005264954519862637,0.1706833526623707
0.026277572272317196,0.020164074975276315,0.01958618397613167,0.8970614461718673,0.03691072260440749
0.11625193736069012,0.6807617648382389,0.08351806941986979,0.006466173450868303,0.11300205493033305
0.10202965398050662,0.1344050672083227,0.16635018540568336,0.0418713222735458,0.5553437711319416
0.49659462409887256,0.16356396288508704,0.10717201514283058,0.03895747435043539,0.1937119235227743
0.29748053792044404,0.15860590650958412,0.3987351698449703,0.02626328653314602,0.11891509919185557
0.18240005928854114,0.2271614990911063,0.14614043276702154,0.02802190047400258,0.4162761083793283
0.10129860163225533,0.07538969293615679,0.03100516103413631,0.6923824074820611,0.0999241369153906
0.5263954679477458,0.2122278152167891,0.14259071304684162,0.013894140586986403,0.10489186320163688
0.7731131450590746,0.045994312177347514,0.10630354405316103,0.002371963879106736,0.07221703483131021
0.1107741380025475,0.17878461139714297,0.5829271536782988,0.05490896603396603,0.07260513088804468
0.13978873085327667,0.06493357408189242,0.2562729983938724,0.4337808953983954,0.10522380127256296
0.3354157129829083,0.37723236533148125,0.14115120794107802,0.009899135957937382,0.13630157778659505
0.10794941889156183,0.47282846736298983,0.0954830024181115,0.17912352207069976,0.1446155892566372
0.27514805431708356,0.4317491662619022,0.12539052761248176,0.06500604465381386,0.10270620715471886
0.14082222765693309,0.13379467628537808,0.13139425282036246,0.5192234227818474,0.07476542045547889
0.07822353309138343,0.3315183787757421,0.4159641866265737,0.08128670984279093,0.0930071916635098
0.34330138945041705,0.1819653360254525,0.17842975124692043,0.11299829859160694,0.18330522468560317
0.15023237280359358,0.4416487986614113,0.09373679395117751,0.1547145951236973,0.15966743946012016
0.14323766396176116,0.6030992920435858,0.08197255311422434,0.015482193214060995,0.15620829766636768
0.11298729298219987,0.6791668849441106,0.0569874978467417,0.006547850520128368,0.1443104737068192
0.3575651470531022,0.3113568387872179,0.15386882198329271,0.010638077335484785,0.16657111484090228
0.4296702054980394,0.22731271772942552,0.13625880017084557,0.031929594168704924,0.17482868243298444
0.16446979326475758,0.17092568456737842,0.29062403684756033,0.15652216199893643,0.21745832332136705
0.3853062095610173,0.23654949690607882,0.1266140464567722,0.09564044232191743,0.1558898047542144
0.32254084493972607,0.3251670570996607,0.17035630659363907,0.019242397941849607,0.16269339342512448
0.22336052631772457,0.29442690571758706,0.2943473307058096,0.017970171002884946,0.16989506625599365
0.08957195988791206,0.36148733743825234,0.07227577905723714,0.03877288153733958,0.43789204207925864
0.033478722614889746,0.013910649206321726,0.01636025581713687,0.8608291211093092,0.07542125125234266
0.1403745105027111,0.5098993042918135,0.13533759956133837,0.06890800697253377,0.14548057867160305
0.18807659488367712,0.33828025071412965,0.08561469355201058,0.004212117294819248,0.3838163435553635
0.3444440023827523,0.3062009021747501,0.115045003268654,0.05322852238402708,0.1810815697898167
0.04620578257461738,0.10504158121451608,0.022524529241792334,0.33827895894982846,0.4879491480192457
0.04336331995824745,0.04295207965040022,0.1429882955163027,0.018213693125283183,0.7524826117497664
0.41646329827372625,0.2154525157395519,0.14594577695237423,0.028003085248069545,0.19413532378627787
0.3043238436202145,0.372576243486617,0.10672489634993583,0.006510181156997517,0.20986483538623535
0.16478026896434614,0.09052066867386246,0.12747056697199935,0.5700146464801773,0.04721384890961484
0.2919409168732165,0.24720852242851543,0.12452890399247271,0.22127208380496946,0.1150495729008258
0.46743750933435746,0.319170442237968,0.118075962330785,0.005203263668229743,0.09011282242865999
0.21908386957174245,0.37773162620488404,0.10722229322519067,0.15138373778831096,0.14457847320987186
0.3436456966821686,0.046984747145147894,0.3782357599478381,0.15840387715562632,0.07272991906921918
0.04082894328878368,0.02889687970846612,0.021327388651543617,0.8533172742147628,0.055629514136443244
0.20892070767596294,0.2076227926638492,0.19748403571970358,0.23251672610900362,0.15345573783148078
0.2974614977904066,0.3945235222468305,0.09902722245397659,0.015990393201437317,0.1929973643073488
0.07862632244347814,0.3333685631784318,0.05282560535621826,0.06460930665439438,0.4705702023674775
0.822277557346989,0.002742766932427827,0.006132808979104062,0.0,0.16884686674147895
0.33813095574361157,0.11437918850587069,0.35004403528124944,0.12175032828813073,0.07569549218113765
0.5149197192805436,0.25055975506502637,0.11225580991791306,0.00428591105846217,0.11797880467805466
0.21509915744698455,0.29464423663763645,0.1579854061208174,0.12578663380822072,0.20648456598634077
0.33012555693363,0.21146911411351638,0.18239010313164805,0.11719055794837979,0.15882466787282584
0.03439851937837799,0.017912319073696427,0.02232862527215407,0.8724382468024442,0.0529222894733272
0.046419704037995405,0.08417871674770698,0.05032229816977384,0.7222697622826945,0.09680951876182968
0.21095123248041286,0.29251972967223944,0.1182235846987714,0.048785351077950366,0.3295201020706259
0.3629380629776186,0.2145347951772387,0.22446693487104913,0.055637361994959944,0.14242284497913368
0.44794254211264645,0.17917166310821386,0.2134428889881539,0.05760130120845003,0.1018416045825356
0.14993631111642253,0.30318143393604413,0.35735395239365836,0.05412936496526922,0.1353989375886058
0.12172244532150456,0.5026689605742787,0.24114431550234885,0.015333656764621202,0.11913062183724651
0.0469456403233979,0.028104252586395696,0.01805524616615475,0.864230484094265,0.04266437682978681
0.052050455118497194,0.0681456661055024,0.042056951383471854,0.7550988015241221,0.08264812586840639
0.4687374664869263,0.0767837402842748,0.050328160670790725,0.0038539922425246897,0.4002966403154835
0.26293286756331935,0.40851349740177684,0.14560523622744648,0.006351073294757249,0.17659732551270013
0.500202597184818,0.1782471782149816,0.18974238573162588,0.04736311755916263,0.08444472130941211
0.6247742809630459,0.07955024157382433,0.1938828399528421,0.003539368307811638,0.09825326920247571
0.9221279347452221,0.014296863263589093,0.018177910593518677,0.0008982068647949014,0.04449908453287528
0.682837302269939,0.07497637546203967,0.1237143362199873,0.01822570140558948,0.10024628464244444
0.21762008225618423,0.2235616447186019,0.20409382432297257,0.10694684090790284,0.2477776077943384
0.15241886133924512,0.13279317517904513,0.29271332161838926,0.0917739464872921,0.33030069537602813
0.03594544903082694,0.026381690508091474,0.021133737704580532,0.8061894424081635,0.1103496803483378
0.12133495929768509,0.10913390376960276,0.677009661568772,0.021393030093684078,0.07112844527025591
0.18908642643713228,0.12023102217181016,0.2770650261218524,0.15967993199434902,0.25393759327485615
0.3488390607994121,0.16089895626989714,0.3951276307272164,0.00280469310231215,0.0923296591011621
0.37520574552056607,0.06753664010870013,0.3436164469118739,0.005119619393236912,0.20852154806562312
0.09438175104146973,0.6436577388729812,0.14086625933292196,0.003546572111005908,0.11754767864162088
0.45898921448809915,0.264754860704893,0.11724822623279739,0.018006260352303943,0.1410014382219063
0.41672132814793117,0.02030551620974652,0.1613245154965601,0.38937346004229434,0.012275180103467918
0.314591318306833,0.4276950319049323,0.1453773430399915,0.006540265294714739,0.10579604145352847
0.5778155108184928,0.11936789407933718,0.10222382428834192,0.02027747993828909,0.18031529087553896
0.32565341069915893,0.35095534844824045,0.15599060375868945,0.010511568331342596,0.15688906876256856
0.14105957424581003,0.601131761565304,0.10969109325671038,0.005202876432657566,0.14291469449951777
0.3879647374745382,0.08097996682186424,0.024438795892312945,0.3776099168119966,0.12900658299928783
0.162821950018345,0.36826745862683863,0.102162409374098,0.16717609222752816,0.19957208975318988
0.2301790973189323,0.4682976417190916,0.10716849667427479,0.013087225156159456,0.1812675391315418
0.15194889853269783,0.12465684523511557,0.3365699508006114,0.025116706646618917,0.3617075987849564
0.06927426284100144,0.23281558876919062,0.038521707399604636,0.0008119923554706163,0.6585764486347326
0.2032309791496875,0.46070392282223177,0.1768097137545283,0.008889985153948605,0.15036539911960367
0.11269504288394433,0.264684101216354,0.42064620827238997,0.05876845724149936,0.1432061903858124
0.37001774152263395,0.2470942210735675,0.17788191309412946,0.007733971926633733,0.1972721523830353
0.20860846793322507,0.448643336343886,0.17117002643041468,0.017883873997080742,0.15369429529539344
0.04180889214137133,0.08962686875493445,0.04518243036656924,0.6907146972728877,0.13266711146423724
0.8748247550161914,0.0062203146863685395,0.036273819300138066,0.012999999999999998,0.06968111099730191
0.3766151848686436,0.3626582199074451,0.10600428955049365,0.04142389703511109,0.11329840863830659
0.37619141400071954,0.15536232182728799,0.22718370515206826,0.014002127864305937,0.2272604311556182
0.053584893079184175,0.04049402886067188,0.014500290592947187,0.7900328128764338,0.10138797459076304
0.1399941531263603,0.22612745263645817,0.06999629616113132,0.15630571197297655,0.4075763861030739
0.35673477141711196,0.14354299850908217,0.28944038555202733,0.025358034898367753,0.18492380962341085
0.0966950230302165,0.12210157823588523,0.4592844061504813,0.015898514634885067,0.30602047794853204
0.10264095252548257,0.10193655717249556,0.0400966231623307,0.3556801788679127,0.3996456882717785
0.3019165130107309,0.14841856466785594,0.13092889850442363,0.041838642856635924,0.3768973809603534
0.4107462149883376,0.29590218720453165,0.18144108034643505,0.006928001390028571,0.10498251607066716
0.07257028893980909,0.020017572209832756,0.02795819054891285,0.7832206862659689,0.0962332620354766
0.16242290751738817,0.1627298883217153,0.1593534489502794,0.001274602907097081,0.5142191523035201
0.15564169972851688,0.25515314301123315,0.18236636302553966,0.009758744041818548,0.39708005019289166
0.1169983794590531,0.5475075329211825,0.10506657650089755,0.09364552359865393,0.13678198752021276
0.32105744560674665,0.29700307697807893,0.21212924409282485,0.017351468061532517,0.1524587652608171
0.11213407765347981,0.37340416380161373,0.3266286525058867,0.04964903552063667,0.13818407051838325
0.37571061909575826,0.29657789749882385,0.11462009830037526,0.02040917478228617,0.19268221032275645
0.7771604947414679,0.05915284729300299,0.12917758596650475,0.0029025531595561166,0.03160651883946813
0.1482317667900256,0.32014875422432504,0.0918448126482198,0.2535071243942088,0.18626754194322076
0.22356535352641324,0.32808789671719907,0.17790767545662273,0.08260388481534894,0.18783518948441602
0.10865871131870972,0.08323038934773097,0.07594714084872256,0.023715373062920386,0.7084483854219167
0.10313000013271752,0.15880976601900515,0.44081240212082595,0.04416220238095238,0.25308562934649886
0.22524317001600827,0.07943626825970994,0.14705799966497898,0.0020583618721461187,0.5462042001871568
0.21568489177803551,0.24821333805880244,0.07527857351087121,0.02929768008691222,0.43152551656537874
0.1535309429033876,0.412174688771409,0.1713776969084764,0.08409419864279569,0.1788224727739312
0.22229306797765103,0.301125788142693,0.10718769361579517,0.14902613468002487,0.22036731558383602
0.39631018298081844,0.283570215906619,0.14386099982621228,0.005704302327656591,0.17055429895869348
0.4074524753310137,0.3208710698707878,0.09256868776877213,0.01269262455549438,0.1664151424739318
0.9249785896993159,0.008633968831544747,0.007460192988151692,0.00015698872590617043,0.058770259755081114
0.28944826926226114,0.18119701890782242,0.07231814498749527,0.08287417299783172,0.3741623938445895
0.4276652847070729,0.22342426912828445,0.24135881850465535,0.013977221056877698,0.09357440660310944
0.06652731652545754,0.010713214956425186,0.029912110525157475,0.8736191660255137,0.019228191967446108
0.19015145483348386,0.21811869802132566,0.09226209381168973,0.0036401497981757088,0.49582760353532507
0.11450141751373648,0.6156627404120317,0.15233151857296456,0.007128017411065041,0.11037630609020219
0.2987910382584924,0.3957764583420932,0.09227067631974144,0.006913791947908583,0.2062480351317642
0.21439267351184907,0.14931799670812768,0.0961528275016034,0.41514231418644826,0.12499418809197144
0.04477188995455665,0.0048182632479735225,0.00862628620544089,0.9203801196607785,0.02140344093125007
0.8526678636756851,0.029127577831529795,0.052688098050868534,0.0003583959899749373,0.06515806445194135
0.29453947671052383,0.18639994445801222,0.2626501486276216,0.050949463629651554,0.20546096657419088
0.23091844450764829,0.33659670100192235,0.08148316696955302,0.008074816145324105,0.3429268713755522
0.12456936039141193,0.6000485343877808,0.14327093727668194,0.03125826471284627,0.100852903231279
0.2635493378457707,0.26271616802699127,0.21924837535701747,0.05939422619455599,0.19509189257566448
0.20396373513541557,0.11944637383172464,0.1281307764563022,0.19578989679173053,0.3526692177848269
0.288100929052385,0.3074789166793657,0.10576425847821459,0.011207577266966324,0.2874483185230682
0.1054878770821026,0.14523815631954007,0.12727772774957608,0.43871692957072356,0.1832793092780577
0.8344686854439343,0.041550183222508696,0.05164278806226411,0.004713551252473408,0.06762479201881946
0.1506344596962276,0.2585889272742733,0.0721046067896172,0.40308190462069177,0.11559010161918999
0.47684575284916747,0.19160824758410006,0.1594862069063664,0.038856968721793984,0.13320282393857227
0.27994460172188257,0.3620783465647059,0.1665566109634314,0.03663942178218185,0.15478101896779836
0.2173525105987756,0.44691301336708944,0.09396838429740031,0.06610272724887309,0.17566336448786138
0.22110411118195777,0.15087830742407432,0.23650058555457537,0.01031852100485276,0.38119847483453984
0.12338960413307527,0.09152470533212263,0.06514819406981952,0.6903489920562378,0.029588504408744814
0.12349403183486883,0.08113459053696069,0.6778550359543963,0.03470741835404451,0.08280892331972964
0.43460225430442506,0.16127497562457194,0.1304473588654746,0.016158609902418915,0.2575168013031094
0.21784885362322837,0.4155943736816587,0.1417633753034464,0.08740337342794556,0.13739002396372102
0.18786001194437937,0.1279859821219307,0.023533300639055187,0.25083692598861895,0.4097837793060161
0.22304825264907852,0.4163876149033731,0.14453863368111067,0.056632964814121764,0.15939253395231587
0.09531751678004272,0.172597589741561,0.0931319561030047,0.49794494157516184,0.14100799580022985
0.2617043411484251,0.31200279739249587,0.23898493505676455,0.04041203802415715,0.1468958883781574
0.058072483283324317,0.01163819267336295,0.024039537164539784,0.8031343489376362,0.1031154379411366
0.05644259848091088,0.04408386888262852,0.018392891148885246,0.7134084287209106,0.16767221276666475
0.1504902933984327,0.09988285940952196,0.11178403568297765,0.46373138662663793,0.1741114248824298
